0.571910036181453	5.555517e+03	2.500000e-02	1.030246666673278	8.706413350785732	1139.448295009446838	0.531313120807043	1.0006125643
0.634410036181452	4.880403e+03	6.250000e-02	1.104000382936643	8.057967872619738	1026.299392036822383	0.560168922297359	1.0023584050
0.696910036181452	4.216666e+03	6.250000e-02	1.175356969042286	7.508053521942601	933.843508476370971	0.572409380128754	1.0032779865
0.759410036181452	3.762220e+03	6.250000e-02	1.244585133668813	7.034805920043251	856.834067370132630	0.570128424877995	1.0037176783
0.821910036181452	3.430451e+03	6.250000e-02	1.311897120779207	6.622548934371053	791.285531673041646	0.570955988713630	1.0048773683
0.884410036181452	3.182683e+03	6.250000e-02	1.377458915462083	6.259744655720199	734.687908378697671	0.576148563087374	1.0070177009
0.946910036181452	3.261499e+03	6.250000e-02	1.441397359209843	5.937712169447765	685.166932971878850	0.587176984735314	1.0104966899
1.009410036181451	3.787957e+03	6.250000e-02	1.503804210061332	5.649801837961440	641.276497165584829	0.606170115769364	1.0158142858
1.071910036181451	4.651615e+03	6.250000e-02	1.564745967174202	5.390813722983514	601.984973090784479	0.632387667432701	1.0232365110
1.134410036181451	5.812279e+03	6.250000e-02	1.624267644248168	5.156620822566928	566.463897198032669	0.666874143908323	1.0331457666
1.196910036181451	7.409726e+03	6.250000e-02	1.682409944486088	4.943854547920314	534.249975132019244	0.703064552448924	1.0451878447
1.259410036181451	9.306051e+03	6.250000e-02	1.739207588468821	4.749744921941082	504.863457420160785	0.742412203367902	1.0594408454
1.321910036181450	1.114942e+04	6.250000e-02	1.794700983530393	4.571958834239227	478.059516752871787	0.778283046859437	1.0753222029
1.384410036181450	1.291921e+04	6.250000e-02	1.848933838542311	4.408522355718225	453.556007734005959	0.811160046141024	1.0925791071
1.446910036181450	1.530158e+04	6.250000e-02	1.901952813210920	4.257753993968849	431.119672655735883	0.840453287835543	1.1109229941
1.509410036181450	1.636442e+04	6.250000e-02	1.953802932841864	4.118223456372187	410.499496179925586	0.868935939680711	1.1303457959
1.571910036181450	2.166328e+04	6.250000e-02	2.004540102990853	3.988675449834904	391.641303157034770	0.885965580188375	1.1498935296
1.634410036181450	2.985985e+04	6.250000e-02	2.054222005159353	3.868023015469678	374.352224470733745	0.897196702412471	1.1694344518
1.696910036181450	3.462578e+04	6.250000e-02	2.102899053615452	3.755340006838319	358.398717726116502	0.910509838191848	1.1892979786
1.759410036181449	4.023791e+04	6.250000e-02	2.150626531811887	3.649807789535208	343.738459751737082	0.914616375808163	1.2087252671
1.820681268195545	3.725043e+04	6.127123e-02	2.196536972858402	3.552620840698520	330.391201660370712	0.924043840267131	1.2280225766
1.883181268195544	3.970992e+04	6.250000e-02	2.242540415358369	3.459228440884956	318.018797475822566	0.902105000036862	1.2455249556
1.943581296203613	3.547794e+04	6.040003e-02	2.286226331120548	3.374020132599340	306.650900323287942	0.924802345543305	1.2642492264
2.006081296203613	3.287469e+04	6.250000e-02	2.330709414200475	3.290539154762198	296.125124558320920	0.879032516700782	1.2795697010
2.068581296203613	3.964752e+04	6.250000e-02	2.374486571902876	3.211436745243903	286.107089309540584	0.888924671610168	1.2963207113
2.127325351909048	4.319394e+04	5.874406e-02	2.414997090828143	3.140791737587904	277.088501083108895	0.920654980621043	1.3136873239
2.183132148227658	4.577384e+04	5.580680e-02	2.452944486140133	3.076733108516306	269.182076800637788	0.904656231754073	1.3283833212
2.236922488239941	4.876032e+04	5.379034e-02	2.489057115945169	3.017585589313687	262.072472595244278	0.879637423310472	1.3413170719
2.288660067647351	4.571911e+04	5.173758e-02	2.523384898235758	2.962930905622670	255.606972220566490	0.863979976753113	1.3532653473
2.341726047349112	4.348677e+04	5.306598e-02	2.558225366916896	2.908959753632546	249.598631878692601	0.795401272740684	1.3620029483
2.395765239213532	3.958218e+04	5.403919e-02	2.593340289751198	2.856030787598410	243.719007545447141	0.781759129759055	1.3712654323
2.452022321657076	3.671778e+04	5.625708e-02	2.629539259188242	2.802947594358060	238.064635374741442	0.738525262947565	1.3786375493
2.510029100728519	3.628267e+04	5.800678e-02	2.666496732993974	2.750238984456539	232.451341192181701	0.735544522056748	1.3867289156
2.567976860799797	4.263361e+04	5.794776e-02	2.703050714877543	2.699523632671847	227.045306011248528	0.747256131904999	1.3953758888
2.621071866335474	3.890870e+04	5.309501e-02	2.736198646206488	2.654705411781476	221.991193327405341	0.829542112376138	1.4072280692
2.676312621490097	4.255447e+04	5.524076e-02	2.770414706275651	2.609567902360471	217.726611300393387	0.660511897715546	1.4093584817
2.728806879037577	4.355203e+04	5.249426e-02	2.802645303321237	2.568057644736434	213.287046545044404	0.753897331850701	1.4185527082
2.780397234575399	4.769330e+04	5.159036e-02	2.834078782096965	2.528483422257195	209.409903128853699	0.693783347643383	1.4231434032
2.829422750217155	5.359730e+04	4.902552e-02	2.863722318685518	2.491958677261040	205.683059306938134	0.727003540956297	1.4298454325
2.875429323196045	5.310799e+04	4.600657e-02	2.891339844049590	2.458604155640892	202.293786215424461	0.741449465098361	1.4362046974
2.921426090380730	5.433927e+04	4.599677e-02	2.918790645955555	2.426076486114746	199.341324537118368	0.626586193718070	1.4377233799
2.966684408947032	5.690269e+04	4.525832e-02	2.945645207779223	2.394841976756320	196.397753344044645	0.633785744482845	1.4410017607
3.010709490655707	5.544101e+04	4.402508e-02	2.971621535378823	2.365166082202725	193.607161689836914	0.639719655139579	1.4442937249
3.055115778997335	4.685687e+04	4.440629e-02	2.997697326606645	2.335893824651027	191.073851805741100	0.558203555551047	1.4444848556
3.103208159569273	4.583486e+04	4.809238e-02	3.025831607706088	2.304876574933096	188.672955374094897	0.423085298994848	1.4405398661
3.151607167157414	4.234872e+04	4.839901e-02	3.054010521877140	2.274382955908588	185.960603276279471	0.522395219457528	1.4421996041
3.201726054255570	3.988502e+04	5.011889e-02	3.083069745153135	2.243520525515489	183.495137107613004	0.451549733697450	1.4397254604
3.253125711761699	3.685643e+04	5.139966e-02	3.112745463168989	2.212598048354173	180.970835096894774	0.453297802011417	1.4382382824
3.306340016121292	3.688879e+04	5.321430e-02	3.143348890069992	2.181320416448373	178.537190211901333	0.411311568836604	1.4349728967
3.359271408132866	3.098463e+04	5.293139e-02	3.173654827401622	2.150941278698332	176.009870466849776	0.466576355224007	1.4345831788
3.416749697333095	2.991340e+04	5.747829e-02	3.206474836206339	2.118689685970295	173.875451581340911	0.277438505771623	1.4253410790
3.474947958737579	3.284843e+04	5.819826e-02	3.239573565771679	2.086826027245337	171.311001337979263	0.395493187447091	1.4237862841
3.530200924634169	3.390824e+04	5.525297e-02	3.270842534730524	2.057316240026172	168.770762452812392	0.506521931146883	1.4252974779
3.584322991778886	3.553318e+04	5.412207e-02	3.301350572919120	2.029063342145393	166.625770367556044	0.426169461780788	1.4220654223
3.636948216724723	3.712100e+04	5.262522e-02	3.330899007084698	2.002192494798063	164.507378192699235	0.437457272159423	1.4204426200
3.688206756946153	3.808861e+04	5.125854e-02	3.359577072444385	1.976565140303249	162.545638375608377	0.416654570234738	1.4179939720
3.738593575993662	3.963259e+04	5.038682e-02	3.387679058867508	1.951873488081535	160.726276411032700	0.377002938597006	1.4144848700
3.787783871464209	4.586568e+04	4.919030e-02	3.415030356749555	1.928231656926779	158.963049640322026	0.377087234320921	1.4115711522
3.833326237408578	4.228154e+04	4.554237e-02	3.440258024202309	1.906758716831623	157.154885887145923	0.496959576302084	1.4127002664
3.880585386788153	4.394935e+04	4.725915e-02	3.466393480111004	1.884842721224992	155.864475804582042	0.223682972465057	1.4039478875
3.926764082911668	4.023210e+04	4.617870e-02	3.491866088224609	1.863798252092869	154.265889434242155	0.348401618532574	1.4020590204
3.974852628929235	3.898883e+04	4.808855e-02	3.518358281129029	1.842234701802750	153.002714012837572	0.173646632742831	1.3933505567
4.023517622353483	3.729801e+04	4.866499e-02	3.545121070656175	1.820778134426048	151.546763445197087	0.234284322761234	1.3883287137
4.073085282487961	3.895958e+04	4.956766e-02	3.572336182128593	1.799288613996416	150.158799410125710	0.214958227924374	1.3820390372
4.121399339796699	4.021185e+04	4.831406e-02	3.598804910240637	1.778700221160736	148.688402268362552	0.295229448227749	1.3786364261
4.168779945630177	4.052318e+04	4.738061e-02	3.624710824884168	1.758840769130752	147.348079728797444	0.275577042878454	1.3739464193
4.215809226861109	3.774698e+04	4.702928e-02	3.650382805532660	1.739438719918255	146.098731916145539	0.231275380057112	1.3682666089
4.264365625764130	3.634923e+04	4.855640e-02	3.676865889150714	1.719707572013134	144.978407525690670	0.119988786891463	1.3596866481
4.313668280315320	3.796750e+04	4.930265e-02	3.703727115761021	1.699982932718102	143.756633454929187	0.149494133844550	1.3530259338
4.361733544965888	3.929831e+04	4.806526e-02	3.729869748108317	1.681058770234997	142.464393551220581	0.239828542388429	1.3489168712
4.408812093319507	3.681334e+04	4.707855e-02	3.755436933425305	1.662806000280526	141.292771482214874	0.220776454870578	1.3435614814
4.457287775454088	3.842728e+04	4.847568e-02	3.781747358642190	1.644280289413735	140.290452490629661	0.086014835252849	1.3345814469
4.504569221032030	3.571546e+04	4.728145e-02	3.807373849389637	1.626482293458812	139.097761027515361	0.204998127024914	1.3303380255
4.553447500493621	3.604596e+04	4.887828e-02	3.833857981761199	1.608338662405590	138.170407436157433	0.043580776505126	1.3205070121
4.601932846000808	3.601855e+04	4.848535e-02	3.860103144195197	1.590604350828798	137.047656723113960	0.145613477636831	1.3150397937
4.650271466949746	3.530214e+04	4.833862e-02	3.886247029222210	1.573176621250809	136.022500518147154	0.124179596509942	1.3081758699
4.698933593252395	3.395207e+04	4.866213e-02	3.912553567691142	1.555875549558585	135.069380531555623	0.069884912766255	1.3001221153
4.748386695745786	3.141559e+04	4.945310e-02	3.939282359479998	1.538533440217787	134.144069128159146	0.029715593272262	1.2914707244
4.799622742634993	2.738938e+04	5.123605e-02	3.966981590917066	1.520808269666876	133.270058531487848	-0.035668259921202	1.2812477613
4.854303641339739	2.667659e+04	5.468090e-02	3.996568689582412	1.502146410260965	132.440043361166687	-0.120152105160254	1.2687567865
4.909504777825844	2.539536e+04	5.520114e-02	4.026432249528499	1.483588293624217	131.365999236368026	0.022831574698480	1.2611063629
4.965871063390860	2.510676e+04	5.636629e-02	4.056929772990469	1.464918191726237	130.412827887300722	-0.015967092473220	1.2509667233
5.022346905649081	2.689696e+04	5.647584e-02	4.087477995554281	1.446496350775818	129.375888032398336	0.037617777078291	1.2428132681
5.076706664681310	2.763458e+04	5.435976e-02	4.116851699877742	1.429040618659392	128.276053352843377	0.140139502518665	1.2373484087
5.130144362628218	2.829223e+04	5.343770e-02	4.145710361904424	1.412131848836222	127.335860123582222	0.082959661577324	1.2296472086
5.182773198248857	2.814402e+04	5.262884e-02	4.174122288993761	1.395713232065048	126.439606895501043	0.050892705984368	1.2218476916
5.235360532581476	3.078970e+04	5.258733e-02	4.202512976254745	1.379528643100572	125.614903633427275	-0.006070634791141	1.2130238041
5.285467667400232	2.971674e+04	5.010713e-02	4.229542265872067	1.364322040398892	124.655849362347013	0.126623099236765	1.2082962280
5.336308134744505	2.914094e+04	5.084047e-02	4.256978083325170	1.349084210503827	123.976905474277714	-0.062330707891590	1.1980998813
5.387482722265311	2.872794e+04	5.117459e-02	4.284604714669702	1.333937589566158	123.223134127102526	-0.059157458876072	1.1894934813
5.438857410814886	2.939897e+04	5.137469e-02	4.312351052956284	1.318920671624034	122.484332869694569	-0.065538107232206	1.1807975564
5.489478760018548	3.013714e+04	5.062135e-02	4.339693747563159	1.304310069256670	121.708374068638321	-0.018541073629427	1.1734394462
5.539318553586857	3.214072e+04	4.983979e-02	4.366614637034395	1.290103622881533	120.953279284738613	-0.002065732640480	1.1662964622
5.587430906895587	3.661893e+04	4.811235e-02	4.392594672094661	1.276558787344561	120.183457578522706	0.049754266610886	1.1604490360
5.632371976503356	3.984506e+04	4.494107e-02	4.416840717362697	1.264061721920327	119.383960690563015	0.156444062760039	1.1567824004
5.675336865259642	3.980680e+04	4.296489e-02	4.440010157175901	1.252247099894152	118.732275467614798	0.084452448964474	1.1513023175
5.718210093089187	3.607198e+04	4.287323e-02	4.463136072113756	1.240576993043362	118.188323581847186	-0.049210605750320	1.1439560073
5.763131336552056	3.463266e+04	4.492124e-02	4.487393210984393	1.228465287044973	117.728911386089280	-0.206734421454585	1.1343059644
5.808852454744534	3.786252e+04	4.572112e-02	4.512098864858164	1.216263494996435	117.137120899152563	-0.123627869886861	1.1270779160
5.852460112973811	3.603982e+04	4.360766e-02	4.535650474485211	1.204755427309461	116.400961669656354	0.096048549132645	1.1236911906
5.897040693220945	3.787366e+04	4.458058e-02	4.559744575269263	1.193105301169085	115.938124002017361	-0.135187056934342	1.1148200433
5.940413535702405	3.787045e+04	4.337284e-02	4.583183321031017	1.181889594970518	115.284760704916437	0.021550583852040	1.1102821573
5.983677164588679	3.640203e+04	4.326363e-02	4.606571725272723	1.170811743826255	114.769593967496007	-0.072957620200194	1.1032949963
6.027692607205697	3.587112e+04	4.401544e-02	4.630383031346768	1.159648550087973	114.277115097551899	-0.135569358884100	1.0957451617
6.071918424147522	3.663833e+04	4.422582e-02	4.654321763294459	1.148540756005171	113.746819134971986	-0.110806680372342	1.0890081232
6.115566067197671	3.563607e+04	4.364764e-02	4.677954639790081	1.137686397157699	113.190810952412093	-0.059066188717341	1.0831497155
6.159711311883603	3.516977e+04	4.414524e-02	4.701875826147103	1.126810738894902	112.731835235652426	-0.155931449178449	1.0754054446
6.204035058777234	3.152554e+04	4.432375e-02	4.725907930696713	1.115995518034935	112.213507636811229	-0.116298836058698	1.0688894883
6.250731404544116	2.893931e+04	4.669635e-02	4.751265423940675	1.104702454552845	111.841519488008245	-0.295057447406179	1.0588753951
6.299339436885584	2.672070e+04	4.860803e-02	4.777698750699309	1.093057876145143	111.374985449143651	-0.262790754508030	1.0501401020
6.349785064311564	2.491381e+04	5.044563e-02	4.805166538574027	1.081093323139552	110.871867933739466	-0.227827146149443	1.0416235504
6.401878446221519	2.430877e+04	5.209338e-02	4.833568947548765	1.068864664705212	110.367658364273140	-0.227475733622694	1.0327410534
6.454460956006124	2.537163e+04	5.258251e-02	4.862261604167732	1.056656102466476	109.778386200157513	-0.139709966769778	1.0254871036
6.505778216834170	2.649875e+04	5.131726e-02	4.890267707141287	1.044877826503637	109.127114932036534	-0.023731824669705	1.0200362399
6.555848244137024	2.526524e+04	5.007003e-02	4.917595434245337	1.033514170434116	108.526919122337389	-0.014923307778742	1.0142511583
6.606983290770196	2.471035e+04	5.113505e-02	4.945531175899652	1.022027491957096	108.065023701044339	-0.171056589007632	1.0057029265
6.658543055676085	2.422172e+04	5.155976e-02	4.973722263609007	1.010566627969261	107.534113839328128	-0.146406752170403	0.9984854481
6.710472487379234	2.534883e+04	5.192943e-02	5.002140502699834	0.999144165303362	107.020305652843604	-0.155451348551048	0.9910117848
6.761089896411069	2.555777e+04	5.061741e-02	5.029844922654325	0.988132865679455	106.407806045245550	-0.027048887068505	0.9859799601
6.811360955302852	2.312712e+04	5.027106e-02	5.057374243380600	0.977310659397732	105.904073966497862	-0.096169675814950	0.9792154123
6.864063731193331	2.304742e+04	5.270278e-02	5.086280421818435	0.966073273723438	105.523926892122333	-0.281229799697930	0.9695630623
6.916707325149432	2.233041e+04	5.264359e-02	5.115175467972926	0.954967148754110	104.960057858365829	-0.130493970731820	0.9634942355
6.970038138552369	2.149943e+04	5.333081e-02	5.144477346581010	0.943832060344467	104.482493942256852	-0.178510036923631	0.9558021727
7.024234825670867	2.366963e+04	5.419669e-02	5.174288236717308	0.932632961774128	104.002166150670377	-0.195046223073260	0.9480739834
7.075738211744050	2.554983e+04	5.150339e-02	5.202612255372994	0.922111337371434	103.348387160331640	0.034266709091705	0.9445110994
7.125175208530488	2.426815e+04	4.943700e-02	5.229799912027519	0.912119042451691	102.820923083804956	-0.000263451185490	0.9394218010
7.175768853083367	2.620620e+04	5.059364e-02	5.257659473196669	0.901987006001356	102.474236372530726	-0.245070687621460	0.9308337194
7.224326606217144	2.601537e+04	4.855775e-02	5.284400011692972	0.892362421064389	101.901070548855586	-0.014821842515526	0.9271164864
7.272938662726755	2.826569e+04	4.861206e-02	5.311193303664786	0.882816050603898	101.513031151731994	-0.168995997015050	0.9201506469
7.319457727719902	2.706372e+04	4.651906e-02	5.336834560655896	0.873769907300818	100.991310736858750	-0.012303195875652	0.9163462647
7.366884237762196	2.398140e+04	4.742651e-02	5.363005768542542	0.864626001086255	100.667717067152978	-0.235065776542715	0.9088110938
7.417143422033838	2.332120e+04	5.025918e-02	5.390794474428454	0.855014144470834	100.388395789152057	-0.389656078045892	0.8998155616
7.467977500967868	2.437505e+04	5.083408e-02	5.418929937190822	0.845382781454452	99.920902951870048	-0.198706701462971	0.8941812193
7.517571286897872	2.547091e+04	4.959379e-02	5.446389359576536	0.836078792717367	99.422230018274902	-0.074396991755681	0.8895816071
7.565964032836661	2.685481e+04	4.839275e-02	5.473195490266054	0.827086209104856	98.981300144272211	-0.088048265154868	0.8844018906
7.612977827621617	2.639294e+04	4.701379e-02	5.499247182662676	0.818430717485608	98.544230467796638	-0.075056653654231	0.8796435528
7.660288733914177	2.532141e+04	4.731091e-02	5.525487944864132	0.809794917622591	98.196020427322736	-0.196486815118149	0.8733315895
7.708475471335036	2.587838e+04	4.818674e-02	5.552244979864142	0.801073266087169	97.844883871655639	-0.238407723565163	0.8669553824
7.756025848913059	2.839182e+04	4.755038e-02	5.578664019285024	0.792543871692353	97.410287486662170	-0.121890424405687	0.8623401013
7.801315093405054	2.712783e+04	4.528924e-02	5.603825391137677	0.784495287061366	96.937007031783082	0.011915289960847	0.8591042243
7.847543296494991	2.640019e+04	4.622820e-02	5.629538920574147	0.776344411343037	96.669297551789072	-0.262035075695182	0.8520856435
7.894297093566554	2.944614e+04	4.675380e-02	5.655572680903734	0.768167533902517	96.321624731923308	-0.233705681781030	0.8464503497
7.938464743473807	2.855483e+04	4.416765e-02	5.680163305281012	0.760512763902881	95.835060477730067	0.028297248828895	0.8440099054
7.983219230872641	2.683181e+04	4.475449e-02	5.705108022224785	0.752815189658822	95.579430545048780	-0.252296458539301	0.8374489815
8.029287283689573	2.871743e+04	4.606805e-02	5.730821157353643	0.744950631929642	95.300590950813685	-0.318548783255093	0.8310690285
8.073717212208027	2.826544e+04	4.442993e-02	5.755628505726633	0.737429715981561	94.870668163047370	-0.078410467630203	0.8278214373
8.118404352191122	2.932019e+04	4.468714e-02	5.780605331551193	0.729922633780043	94.591779321089177	-0.240101930565414	0.8219626899
8.162185463626679	3.159064e+04	4.378111e-02	5.805091996532744	0.722625585601879	94.237307241158732	-0.155541773507016	0.8177222141
8.204274890795686	3.191633e+04	4.208943e-02	5.828640509970819	0.715665940092446	93.873309370225712	-0.082436137269733	0.8141281723
8.246064347487147	3.004220e+04	4.178946e-02	5.852039178979229	0.708806057881571	93.590132729022329	-0.191405784564650	0.8092767253
8.289051366967541	2.874966e+04	4.298702e-02	5.876139881291180	0.701797472833930	93.354339801360339	-0.322707771741451	0.8034030035
8.332903866489588	2.723432e+04	4.385250e-02	5.900755515031358	0.694698242373605	93.072236631633373	-0.291750600581628	0.7982072859
8.377865777078663	2.782284e+04	4.496191e-02	5.926028668007086	0.687470743094293	92.811099885780834	-0.326218375148113	0.7924790109
8.422254655246741	2.989801e+04	4.438888e-02	5.950998484918485	0.680390278260502	92.461311383301194	-0.177835495737358	0.7884773735
8.464985429801791	2.811841e+04	4.273077e-02	5.975043477740429	0.673627989027066	92.099944575009573	-0.080055926613230	0.7851215620
8.508958917661989	2.854880e+04	4.397349e-02	5.999821211547525	0.666716331605607	91.891688405388479	-0.331178269998203	0.7789533728
8.552509476968682	2.963826e+04	4.355056e-02	6.024381321631385	0.659921486724886	91.569880978241017	-0.205406277118309	0.7748831058
8.595164900559883	2.850137e+04	4.265542e-02	6.048452065803940	0.653315574167625	91.254738060396534	-0.159417954699772	0.7709660899
8.638576103400318	2.670220e+04	4.341120e-02	6.072978104882822	0.646638572920221	91.018074077859552	-0.293005483678579	0.7656290835
8.683335316278086	2.577204e+04	4.475921e-02	6.098300364908761	0.639801157965694	90.773532553415521	-0.333972042495409	0.7602106411
8.728800400106435	2.585127e+04	4.546508e-02	6.124050016868959	0.632906323830565	90.477281716275101	-0.260813927992110	0.7555854323
8.774100222427371	2.456076e+04	4.529982e-02	6.149727609376400	0.626088281496102	90.163398744118325	-0.200355923071657	0.7513644853
8.820477786195815	2.451960e+04	4.637756e-02	6.176048565305450	0.619158252118671	89.908439983467730	-0.292410563724947	0.7460120116
8.866795251620930	2.433939e+04	4.631747e-02	6.202357409896018	0.612290188895717	89.583531441769708	-0.196818312563739	0.7419115432
8.913185161491301	2.379667e+04	4.638991e-02	6.228730935780043	0.605463472913310	89.286445246397221	-0.210704625048558	0.7374100860
8.960001655211910	2.449553e+04	4.681649e-02	6.255373354225851	0.598625602937744	88.998763682188326	-0.233236067072133	0.7327421878
9.006047108313352	2.404577e+04	4.604545e-02	6.281591501381033	0.591953249077317	88.656652327463121	-0.131459542680274	0.7292007793
9.052424100888766	2.381311e+04	4.637699e-02	6.308023716259880	0.585282562306082	88.387875285381241	-0.228936553313259	0.7244584976
9.098929363941719	2.284344e+04	4.650526e-02	6.334552174991388	0.578643560547135	88.090724385990626	-0.208362869300724	0.7202292192
9.146311879046822	2.474494e+04	4.738252e-02	6.361611333992381	0.571928788947919	87.825540581549319	-0.265248380996780	0.7153783491
9.191740552782244	2.470686e+04	4.542867e-02	6.387559549752546	0.565543134605673	87.443760561766069	-0.045076116365417	0.7128798069
9.237111785444515	2.642034e+04	4.537123e-02	6.413497153666383	0.559211731197750	87.194005140502753	-0.211298609245809	0.7083059321
9.280898274774547	2.662948e+04	4.378649e-02	6.438536643660909	0.553147951692648	86.858349528241291	-0.079099267500067	0.7054954078
9.324427598094918	2.752355e+04	4.352932e-02	6.463449097679768	0.547161561710105	86.614547505892332	-0.207771360967347	0.7013005368
9.367161486642825	2.519239e+04	4.273389e-02	6.487920526843233	0.541325908451842	86.328247088860493	-0.152484273131297	0.6980016391
9.411744492742921	2.545161e+04	4.458301e-02	6.513488126723209	0.535275693368121	86.154261670385523	-0.378752692354711	0.6926031213
9.456012746340290	2.263812e+04	4.426825e-02	6.538892779213478	0.529310899819164	85.844554324150153	-0.177136763967421	0.6895102123
9.502860044449701	2.134889e+04	4.684730e-02	6.565821890991871	0.523038572477838	85.676743115562033	-0.412661785483619	0.6837316139
9.551002094363440	2.044784e+04	4.814205e-02	6.593531999227538	0.516637820393007	85.414935937678990	-0.319336686412374	0.6792925603
9.600089943688777	1.908904e+04	4.908785e-02	6.621819644228746	0.510158919643109	85.142978876794515	-0.276613681671648	0.6749150721
9.650786229062732	1.953864e+04	5.069629e-02	6.651075120740893	0.503516321566678	84.897414305013072	-0.322853173786864	0.6699067692
9.700785498746814	2.014957e+04	4.999927e-02	6.679948219723341	0.497017592213336	84.557369000629180	-0.157859293275739	0.6665866948
9.749914432931591	1.943034e+04	4.912893e-02	6.708336468654239	0.490682533102891	84.249534475176986	-0.146306809759913	0.6629783099
9.799838408938653	2.032543e+04	4.992398e-02	6.737217104591825	0.484292378404191	84.006629541264516	-0.268273985724878	0.6582791549
9.848545996466681	2.054404e+04	4.870759e-02	6.765408031873158	0.478107447900858	83.670340576759173	-0.117339308176402	0.6553205608
9.896892702299176	1.951529e+04	4.834671e-02	6.793412720761328	0.472014201262795	83.405990567469090	-0.195158974653665	0.6513589159
9.946394999790600	1.928303e+04	4.950230e-02	6.822123420600973	0.465819274069815	83.181301930470667	-0.306408111185125	0.6466491462
9.996089619390640	1.910703e+04	4.969462e-02	6.850974613113326	0.459646337158976	82.902354233659267	-0.238480406278261	0.6428180304
10.045907359997608	2.057117e+04	4.981774e-02	6.879927465249540	0.453503696152310	82.641199166381625	-0.247738824523610	0.6387546172
10.093818379949024	2.115227e+04	4.791102e-02	6.907780835156555	0.447642917260180	82.303163488881424	-0.075556136595903	0.6362534413
10.140971343680963	2.033985e+04	4.715296e-02	6.935209756534062	0.441917454706892	82.037861524134954	-0.148532468704417	0.6328071635
10.188961611240240	2.230163e+04	4.799027e-02	6.963156311829342	0.436130334028481	81.819181394721099	-0.274676338194651	0.6285649470
10.234700482780669	2.536146e+04	4.573887e-02	6.989796182546601	0.430656880234910	81.482368913136995	-0.042181245117800	0.6265533002
10.277509710528385	2.523677e+04	4.280923e-02	7.014725990503161	0.425572433412001	81.168200212686656	0.040809157189651	0.6247048613
10.320348239312521	2.566995e+04	4.283853e-02	7.039692263641306	0.420516639860542	80.980573535874782	-0.219028070000626	0.6209492851
10.362748397205472	2.642192e+04	4.240016e-02	7.064418717475976	0.415544632888475	80.742339933389133	-0.179935014564088	0.6180831323
10.404467636856074	2.458362e+04	4.171924e-02	7.088761195518341	0.410683718097628	80.504593260533227	-0.155536582949977	0.6153560757
10.447644266974400	2.253294e+04	4.317663e-02	7.113984944179593	0.405681917865407	80.346152751814301	-0.351084021876392	0.6112373081
10.492662801894861	2.214701e+04	4.501853e-02	7.140320187093416	0.400497420000246	80.162861347966512	-0.372136116637687	0.6072665644
10.537988069809202	2.349219e+04	4.532527e-02	7.166858208741730	0.395311544995067	79.916701135085859	-0.238153059614832	0.6042509166
10.581914981980315	2.496790e+04	4.392691e-02	7.192585481147778	0.390320633131248	79.632618314018544	-0.085443052837253	0.6020627593
10.624447713318766	2.457390e+04	4.253273e-02	7.217504632401964	0.385520413122621	79.385599619023324	-0.096344162358367	0.5995621095
10.667245987032718	2.395380e+04	4.279827e-02	7.242601288281478	0.380719385475491	79.201222538069359	-0.252717039876206	0.5961167821
10.710519515568647	2.179804e+04	4.327353e-02	7.267998847043832	0.375894549579817	78.993680136860945	-0.251484479780596	0.5929930568
10.755803088471410	2.200624e+04	4.528357e-02	7.294613992531183	0.370874457543444	78.840314452505339	-0.398318984612957	0.5888100446
10.800789640333702	2.311974e+04	4.498655e-02	7.321074432453285	0.365919728349082	78.586614329803510	-0.206895606628619	0.5862154052
10.844600110983212	2.123525e+04	4.381047e-02	7.346853271414283	0.361126951984843	78.327637762009090	-0.110716048590257	0.5839083617
10.890232947284904	2.028939e+04	4.563284e-02	7.373738431826841	0.356164188959779	78.176139217309171	-0.353563910406954	0.5797853413
10.936832149424184	2.002261e+04	4.659920e-02	7.401222020463273	0.351128228872407	77.959711462097133	-0.287632210744003	0.5765382277
10.983653589633422	1.964022e+04	4.682144e-02	7.428859302042912	0.346101681754833	77.723636421248784	-0.220342194114761	0.5735961520
11.030840614825463	2.035086e+04	4.718703e-02	7.456736812853884	0.341069190314194	77.503299385089804	-0.235160800886724	0.5704164282
11.077109715281669	1.980668e+04	4.626910e-02	7.484087618201642	0.336168215839636	77.251930837415401	-0.154383079502135	0.5678630046
11.123924342364223	1.956067e+04	4.681463e-02	7.511784579050148	0.331241583776153	77.044335505449084	-0.233049543859681	0.5646353307
11.170945501853854	1.955777e+04	4.702116e-02	7.539627904779478	0.326325400443284	76.826905973927452	-0.235414624412467	0.5615680950
11.217883239393016	2.071220e+04	4.693774e-02	7.567442196047024	0.321450463833561	76.595299625520738	-0.198865726493582	0.5587625314
11.263410251655326	1.764933e+04	4.552701e-02	7.594430179336372	0.316754485044701	76.335961185956393	-0.099125341623325	0.5565893779
11.312641983301367	1.804555e+04	4.923173e-02	7.623669086437526	0.311704362639501	76.246736482934566	-0.506805833816162	0.5514983549
11.361236779517819	1.883793e+04	4.859480e-02	7.652549928500440	0.306753970040357	75.964634896866102	-0.184112853936802	0.5493351978
11.408708736054475	1.821372e+04	4.747196e-02	7.680778501752439	0.301951357888840	75.719474176278325	-0.143359731350851	0.5468244813
11.456898500403222	1.940514e+04	4.818976e-02	7.709461415033471	0.297107471152261	75.526739794993645	-0.259428372757963	0.5435071450
11.503498548450837	2.076890e+04	4.660005e-02	7.737206743001588	0.292456093285234	75.254460648054035	-0.085217787188055	0.5415789201
11.548461820425281	2.127986e+04	4.496327e-02	7.763984769805160	0.287998405006010	75.013614492559256	-0.076792216229046	0.5394418586
11.592805334318754	2.224148e+04	4.434351e-02	7.790408699732068	0.283629702295841	74.812824594961114	-0.166130293403668	0.5368414258
11.636106022641050	2.280083e+04	4.330069e-02	7.816221772384305	0.279390515163126	74.590294994271943	-0.122278963817877	0.5347164963
11.678801612048900	2.285309e+04	4.269559e-02	7.841687407880924	0.275235734333144	74.391106199971105	-0.159414809143742	0.5323634612
11.721379059007425	2.237502e+04	4.257745e-02	7.867099017355438	0.271116580322583	74.203566600462153	-0.199875549527135	0.5298896568
11.764339405729658	2.148002e+04	4.296035e-02	7.892758942167319	0.266984089248523	74.024164814065458	-0.238083444163932	0.5272848614
11.808114293122355	1.925689e+04	4.377489e-02	7.918929032297616	0.262797022073903	73.851327474362208	-0.275721924321182	0.5245210075
11.854270537909388	1.801827e+04	4.615624e-02	7.946561640012501	0.258405893392689	73.717754102299665	-0.414563222182032	0.5209510185
11.901903838626811	1.693295e+04	4.763330e-02	7.975111412192460	0.253900978074346	73.528514789034872	-0.326467301437141	0.5180324770
11.950951926028893	1.619644e+04	4.904809e-02	8.004542827111660	0.249290586106887	73.341717595167253	-0.315308987239671	0.5149524171
12.001010528768603	1.622266e+04	5.005860e-02	8.034610702609859	0.244615373430816	73.135003926328736	-0.269943010690384	0.5120752160
12.050934991156742	1.811573e+04	4.992446e-02	8.064618250790934	0.239984297957222	72.899769622857107	-0.180948688286185	0.5096536010
12.098090987205273	1.950342e+04	4.715600e-02	8.092959630988931	0.235641898139313	72.611804023789531	0.021108057481472	0.5083259441
12.143458785933396	1.902902e+04	4.536780e-02	8.120230338514620	0.231492160089295	72.386672253333003	-0.043442414727387	0.5063567251
12.189311434154432	2.100458e+04	4.585265e-02	8.147814897052955	0.227322923550580	72.224463799556418	-0.241009330833953	0.5034852324
12.232880602491452	2.010378e+04	4.356917e-02	8.174027194183505	0.223387170416539	71.969436353996954	-0.016929772791673	0.5021973472
12.277343723850992	1.937306e+04	4.446312e-02	8.200802255447504	0.219392894561913	71.833170010582904	-0.287916423155243	0.4991829776
12.322563612737996	1.970182e+04	4.521989e-02	8.228058524768050	0.215353533266452	71.662325126618100	-0.284466915344219	0.4965979764
12.367330302497379	2.031824e+04	4.476669e-02	8.255057500007901	0.211378600329608	71.457162013580856	-0.178729786771173	0.4945691426
12.411340542705698	1.951477e+04	4.401024e-02	8.281614038049472	0.207494089202357	71.262494173497473	-0.160362140608638	0.4925063738
12.456175590176121	1.719846e+04	4.483505e-02	8.308693503725033	0.203558657629711	71.111591775662404	-0.288193171463094	0.4897786337
12.503856616381691	1.667385e+04	4.768103e-02	8.337532191587757	0.199395668911433	70.982565425648218	-0.415924480112831	0.4864776558
12.552198118671191	1.676486e+04	4.834150e-02	8.366796115001140	0.195200631466402	70.777014932429523	-0.253210529754388	0.4841911080
12.600323843549324	1.686385e+04	4.812572e-02	8.395946815915227	0.191050898636489	70.563144059420551	-0.171432352789196	0.4820742881
12.648224736495861	1.495904e+04	4.790089e-02	8.424977406438913	0.186946803246897	70.357440805171009	-0.160229769751000	0.4799019882
12.698996297437164	1.551878e+04	5.077156e-02	8.455792815535908	0.182621218157913	70.237027743625305	-0.412069254802455	0.4763033124
12.748752920232828	1.502818e+04	4.975662e-02	8.486005638877188	0.178410718252025	69.980842922677624	-0.123474565918716	0.4746905272
12.799225088535675	1.608220e+04	5.047217e-02	8.516679345430127	0.174166549473979	69.803746123275673	-0.240424053872614	0.4719657704
12.847927321684622	1.678678e+04	4.870223e-02	8.546283431547526	0.170099269477334	69.552943994587011	-0.057752624417267	0.4704526745
12.895513897459290	1.708206e+04	4.758658e-02	8.575218807114251	0.166151001500243	69.345157631805634	-0.095652474165833	0.4685014519
12.942607737479110	1.732378e+04	4.709384e-02	8.603868645351154	0.162267860214626	69.153948635759406	-0.146689706979373	0.4664054016
12.989293947334772	1.762459e+04	4.668621e-02	8.632286280370955	0.158441654413050	68.966804724106595	-0.167864141715696	0.4643240049
13.035503777409946	1.824485e+04	4.620983e-02	8.660428114387814	0.154677328639991	68.775538010226768	-0.154068710046504	0.4623733296
13.080847475488868	1.930177e+04	4.534370e-02	8.688052977231788	0.151005872801000	68.578675112940630	-0.118410295927620	0.4606099223
13.124862103474324	1.863490e+04	4.401463e-02	8.714874985711637	0.147463390627562	68.380830826613874	-0.081826707240672	0.4590147282
13.169588379556817	1.974032e+04	4.472628e-02	8.742151546265003	0.143883167327659	68.237428847521159	-0.247139955435213	0.4566448358
13.212976473288711	1.798099e+04	4.338809e-02	8.768619070531328	0.140430428048468	68.032303350284494	-0.087023611939650	0.4552551744
13.258369010004969	1.776985e+04	4.539254e-02	8.796338461227387	0.136836655851537	67.916778601515645	-0.340528510063902	0.4525003298
13.303958416088253	1.748975e+04	4.558941e-02	8.824196240649972	0.133247689340080	67.732309700137904	-0.206898472983506	0.4506730699
13.349838845566790	1.697812e+04	4.588043e-02	8.852251156017168	0.129656154548063	67.565376461121559	-0.217648979382066	0.4486103285
13.396331584703344	1.663493e+04	4.649274e-02	8.880701991185246	0.126037109445373	67.402244781794238	-0.237324596524014	0.4464658447
13.443226171189499	1.608433e+04	4.689459e-02	8.909418777794167	0.122407673205798	67.229910055707094	-0.217335542207943	0.4444323591
13.490839727502397	1.575905e+04	4.761356e-02	8.938599360132768	0.118743507467312	67.068217928301536	-0.248585279514538	0.4422184947
13.538863581269950	1.536238e+04	4.802385e-02	8.968052548813949	0.115069291305895	66.892945373675175	-0.219429559666712	0.4401733865
13.587423561269629	1.527399e+04	4.855998e-02	8.997856532735527	0.111375799738363	66.721283186396377	-0.223791295594130	0.4380592739
13.636043113206426	1.698975e+04	4.861955e-02	9.027714806921805	0.107700034158447	66.535202426825350	-0.179517650297135	0.4361565451
13.682066052984856	1.890154e+04	4.602294e-02	9.055979784185661	0.104242747699467	66.312500256496094	-0.014732409591316	0.4349924437
13.725631335980056	1.822054e+04	4.356528e-02	9.082736205985270	0.100989808931176	66.118622198780216	-0.010041817365665	0.4336917481
13.769937879529483	1.794441e+04	4.430654e-02	9.109969569620391	0.097698507506288	65.999003781184669	-0.268369581070524	0.4313733515
13.814517226085972	1.695381e+04	4.457935e-02	9.137390288720097	0.094404385062196	65.845454843796801	-0.239660659062228	0.4294975801
13.860311588758663	1.683812e+04	4.579436e-02	9.165586257432270	0.091037683693295	65.717190231774310	-0.325585324457110	0.4272087425
13.906192268263263	1.607320e+04	4.588068e-02	9.193855187620199	0.087683000866198	65.551220166107484	-0.228027759179804	0.4254262808
13.953079733250828	1.597935e+04	4.688746e-02	9.222771139972691	0.084272812176668	65.413673317543541	-0.297440010348802	0.4232115198
14.000030918097499	1.565553e+04	4.695118e-02	9.251746779789149	0.080876967130731	65.247249194671568	-0.224688687211917	0.4213890301
14.047390846844626	1.574894e+04	4.735993e-02	9.280998227230613	0.077470306012970	65.097420850907355	-0.256382241176254	0.4193408954
14.094535639532964	1.510628e+04	4.714479e-02	9.310135077564762	0.074098272118269	64.928500136145004	-0.199885255111172	0.4175804560
14.142597443480426	1.740934e+04	4.806180e-02	9.339863728703069	0.070679432855986	64.783730700433452	-0.267168928289435	0.4154562762
14.187296194274138	1.797274e+04	4.469875e-02	9.367506836011616	0.067519904181642	64.546650750003010	0.062932212145972	0.4148196984
14.231223814174125	1.791368e+04	4.392762e-02	9.394685247163329	0.064431616058605	64.409112294694893	-0.153687824363603	0.4129880843
14.275160096261116	1.840321e+04	4.393628e-02	9.421884723599954	0.061358771982423	64.264541691430850	-0.199927214857050	0.4112658638
14.318445462635061	1.762392e+04	4.328537e-02	9.448692748676971	0.058347463081623	64.104879807137991	-0.150117011899001	0.4098089988
14.362614673090670	1.667574e+04	4.416921e-02	9.476071259409537	0.055289658155558	63.987244698110757	-0.294629579507887	0.4077623077
14.407956615766725	1.632939e+04	4.534194e-02	9.504201976352686	0.052166191846607	63.857111323188015	-0.307344706314416	0.4058012153
14.453709025059016	1.574412e+04	4.575241e-02	9.532606761200169	0.049030999652920	63.703230524718350	-0.230192337865513	0.4041298264
14.500234595172650	1.583913e+04	4.652557e-02	9.561512567442762	0.045859630415621	63.558336467594508	-0.242316570350977	0.4023036823
14.546550255038483	1.522007e+04	4.631566e-02	9.590302543176909	0.042719972073725	63.392437651992005	-0.168280516009235	0.4007809067
14.593727479994820	1.537259e+04	4.717722e-02	9.619651612498407	0.039538686308288	63.259379312175717	-0.265119227038011	0.3987961597
14.640598421507381	1.485090e+04	4.687094e-02	9.648826904893069	0.036395418693732	63.096888151181155	-0.189288602783761	0.3972276065
14.688213359007017	1.494745e+04	4.761494e-02	9.678489009710653	0.033219130586062	62.961146633028669	-0.262598676363948	0.3952855246
14.735601479270297	1.513538e+04	4.738812e-02	9.708027659589602	0.030075351106153	62.801145585948362	-0.197929126535704	0.3936866651
14.782622781555201	1.557441e+04	4.702130e-02	9.737353716596648	0.026973065891166	62.644518218183769	-0.181001428720298	0.3920937012
14.828906748758435	1.607423e+04	4.628397e-02	9.766233530248249	0.023936194954557	62.486303162042979	-0.158089048281620	0.3905960742
14.874398036301008	1.674424e+04	4.549129e-02	9.794630920720445	0.020967515870874	62.330565845467390	-0.146660778114853	0.3891459240
14.918905214207850	1.712346e+04	4.450718e-02	9.822425019267556	0.018078527490321	62.177834033628649	-0.138616195219340	0.3877497321
14.962854488147727	1.746438e+04	4.394927e-02	9.849883130660647	0.015240472130280	62.034318709082910	-0.161111267327195	0.3862972221
15.006311977246664	1.771072e+04	4.345749e-02	9.877046385467747	0.012448419267642	61.892094647524836	-0.164915555478139	0.3848816535
15.049406802202837	1.699978e+04	4.309482e-02	9.903996124576080	0.009693448403689	61.754869803847242	-0.178736068053304	0.3834467363
15.093333643588171	1.620659e+04	4.392684e-02	9.931486744913533	0.006898589994248	61.638334675300250	-0.272728714991954	0.3817106320
15.138260277939425	1.628315e+04	4.492663e-02	9.959624630554208	0.004053904734715	61.511945733451050	-0.274146331284159	0.3800414887
15.183017804115391	1.717257e+04	4.475753e-02	9.987670998245088	0.001234422094708	61.362653713204153	-0.182349015708697	0.3786848250
15.226539627215857	1.688174e+04	4.352182e-02	10.014949147597958	-0.001492683325461	61.200307111596722	-0.081055368473682	0.3775942771
