0.571910036181453	5.746999e+03	2.500000e-02	1.030403010608407	8.704940588338772	1148.177080829402030	0.347122537667978	0.9850079778
0.634410036181452	5.007864e+03	6.250000e-02	1.104579769305509	8.053216687362813	1032.078395931966270	0.544058867468276	0.9896057797
0.696910036181452	4.532062e+03	6.250000e-02	1.176899218660087	7.496904273065208	949.007189271716925	0.428883249958698	0.9676582937
0.759410036181452	4.127441e+03	6.250000e-02	1.247709359441896	7.014687013707285	878.405974848048686	0.383713575949183	0.9478682818
0.821910036181452	3.827544e+03	6.250000e-02	1.317282923840153	6.591383611690590	818.945500381522947	0.342582366581724	0.9266839978
0.884410036181452	3.640648e+03	6.250000e-02	1.385839077028047	6.215845018200201	768.184601363744605	0.304498839837278	0.9045014092
0.946910036181452	3.503624e+03	6.250000e-02	1.453494949335503	5.879968867158238	723.368092991260824	0.289720298636951	0.8841370163
1.009410036181451	3.829373e+03	6.250000e-02	1.520388306403292	5.577267108595771	684.404248010367041	0.262060602768180	0.8629584719
1.071910036181451	4.230127e+03	6.250000e-02	1.586610541768851	5.302743954323780	649.671496709847133	0.245288079197625	0.8427140193
1.134410036181451	5.249914e+03	6.250000e-02	1.652238776572953	5.052393964958164	618.606693787231393	0.229941805025839	0.8230594208
1.196910036181451	6.680937e+03	6.250000e-02	1.717330163875698	4.822992113194961	590.529563750437092	0.219405227165270	0.8043298163
1.259410036181451	8.351386e+03	6.250000e-02	1.781935228565642	4.611876256607509	565.071658949840526	0.209198525604359	0.7863140910
1.321910036181450	9.869413e+03	6.250000e-02	1.846095306902076	4.416838427903786	541.837017334780626	0.200950157920732	0.7690935217
1.384410036181450	1.113545e+04	6.250000e-02	1.909864741514174	4.235972884693303	520.767960824163765	0.184596238562663	0.7519388150
1.446910036181450	1.338656e+04	6.250000e-02	1.973259074399825	4.067758273475337	501.125072560688750	0.185270302856973	0.7362651792
1.509410036181450	1.432756e+04	6.250000e-02	2.036304386784798	3.910857170911171	483.028621305127672	0.179802460869574	0.7211158327
1.571910036181450	1.603789e+04	6.250000e-02	2.099034495648133	3.764095121224881	466.369930338129905	0.168983197803549	0.7062509451
1.634410036181450	2.227846e+04	6.250000e-02	2.161475544882053	3.626469183830474	450.899773565041130	0.160994189576527	0.6919390462
1.696910036181450	2.735107e+04	6.250000e-02	2.223642100748196	3.497126581941971	436.413942679118747	0.158636403300739	0.6784017404
1.759410036181449	3.435049e+04	6.250000e-02	2.285563515361722	3.375288602914787	423.012905393506003	0.146706377386441	0.6649541996
1.821910036181449	3.530926e+04	6.250000e-02	2.347241970566925	3.260319185407509	410.285314075106328	0.150500186004048	0.6525793419
1.884410036181449	3.274669e+04	6.250000e-02	2.408697135778820	3.151621991598638	398.430942670080356	0.142926930849070	0.6403628742
1.946910036181449	3.380667e+04	6.250000e-02	2.469949090680952	3.048666443259789	387.326760996201585	0.134225753037624	0.6284342379
2.009285189934299	2.942232e+04	6.237515e-02	2.530869533832807	2.951211181105717	376.688895659362345	0.142980120714480	0.6175952432
2.071785189934299	2.603113e+04	6.250000e-02	2.591733063931061	2.858422049388183	366.854823382346922	0.125623700079253	0.6063446877
2.134285189934299	2.847324e+04	6.250000e-02	2.652408937300856	2.770157708100696	357.330434420262350	0.135617821803808	0.5962348943
2.196785189934299	3.323880e+04	6.250000e-02	2.712905979288163	2.686084249268340	348.356235314552919	0.132952018602363	0.5863101958
2.256808058394000	3.376102e+04	6.002287e-02	2.770786725182395	2.609083264732951	339.669667777456823	0.177755656551771	0.5788366535
2.315739553748863	3.611283e+04	5.893150e-02	2.827453964638210	2.536750774748532	332.065378829509200	0.140929390702315	0.5699608521
2.372145942931794	3.778151e+04	5.640639e-02	2.881521829878763	2.470388423335574	324.759753170406668	0.165653864415302	0.5629744746
2.426772800551452	3.817005e+04	5.462686e-02	2.933746061570148	2.408611307908489	318.218499930783821	0.146314597304757	0.5555977070
2.480635013051659	3.512712e+04	5.386221e-02	2.985118466162185	2.349950802072017	312.049397204319234	0.136006081392241	0.5484631362
2.536296494733864	3.358886e+04	5.566148e-02	3.038125364312445	2.291503411105318	306.251761368662471	0.089826857575214	0.5401378233
2.592719518695289	2.931898e+04	5.642302e-02	3.091773514380583	2.234389567504732	300.465747628538793	0.090960748917395	0.5324341377
2.652585279506999	2.656346e+04	5.986576e-02	3.148643819352223	2.175970536437914	294.868576094957973	0.051437436324047	0.5234211424
2.714908901559014	2.823645e+04	6.232362e-02	3.207785342198329	2.117415579044605	289.096336176390480	0.059624127784014	0.5149650803
2.774798182120701	2.686413e+04	5.988928e-02	3.264446023723190	2.063306891070824	282.961795732945291	0.170709827492713	0.5100288814
2.835662905039981	3.156144e+04	6.086472e-02	3.321952421210784	2.010277912516039	277.913691202301948	0.078221640758073	0.5017400202
2.891327837567943	2.857286e+04	5.566493e-02	3.374356523168016	1.963527988622701	272.325749991286273	0.223124462360626	0.4985727462
2.949375464837451	2.773382e+04	5.804763e-02	3.428968911651588	1.916328569215120	268.193538953314885	0.040910455710523	0.4898821178
3.007823534098782	2.701214e+04	5.844807e-02	3.483880171139275	1.870362787687347	263.490818526822920	0.090413991123096	0.4839029300
3.066578651063174	2.971603e+04	5.875512e-02	3.538999132285261	1.825657658057303	259.001520122033469	0.094467274544518	0.4777853809
3.122158986668083	3.013227e+04	5.558034e-02	3.591003753879071	1.784736715799255	254.447915669338840	0.176058539880979	0.4738419197
3.176952975364749	3.941382e+04	5.479399e-02	3.642177736600089	1.745610105599852	250.496590900944057	0.131261189131867	0.4685886944
3.224525036858025	4.404730e+04	4.757206e-02	3.686434570153736	1.712648172562837	246.309833259638481	0.302580809307455	0.4674075907
3.269254519735238	4.612280e+04	4.472948e-02	3.727962465337896	1.682430441019373	243.272415845606332	0.177291559360208	0.4633173063
3.312721876310812	4.209693e+04	4.346736e-02	3.768257210201083	1.653746663823507	240.361633574426406	0.140585784223222	0.4595438321
3.357976328256591	3.818849e+04	4.525445e-02	3.810191659747596	1.624539890117350	237.749616877101715	0.037489043422409	0.4543585806
3.405227997828903	3.280018e+04	4.725167e-02	3.853968868273685	1.594727757746346	235.033118089093534	0.016308458084460	0.4492583118
3.455922935004972	3.201203e+04	5.069494e-02	3.900948816543892	1.563478904821843	232.319056332680191	-0.023154036118442	0.4434027943
3.506928206542436	3.211321e+04	5.100527e-02	3.948173052662029	1.532817043887569	229.192550329094701	0.076970677484632	0.4394296098
3.557547587115296	3.073630e+04	5.061938e-02	3.994994082714090	1.503132618711233	226.278013516588629	0.083448908700095	0.4351567412
3.608984267655400	2.766851e+04	5.143668e-02	4.042524425467922	1.473701812906796	223.396832198647957	0.084244482264037	0.4308904541
3.662877921823608	2.874471e+04	5.389365e-02	4.092311437582877	1.443606786170335	220.696342329551584	0.023169857269891	0.4255813113
3.715430438748378	2.602845e+04	5.255252e-02	4.140787621491456	1.414999491424807	217.660921252735875	0.125253408945644	0.4223466528
3.770332814401839	2.707745e+04	5.490238e-02	4.191416781048678	1.385828115498940	215.095470885373089	0.024422525818587	0.4169978123
3.823835119808136	2.328260e+04	5.350231e-02	4.240678060739119	1.358113456567621	212.133986484523717	0.132648433133651	0.4139543347
3.881197000454812	2.578400e+04	5.736188e-02	4.293510820301105	1.329096261436392	209.792435517496330	-0.028395682099625	0.4078134237
3.935369064278881	2.719580e+04	5.417206e-02	4.343315157777115	1.302388759907062	206.791988591284792	0.154143675533089	0.4054594266
3.987812991271053	2.717715e+04	5.244393e-02	4.391444478639653	1.277155056528853	204.160100658994480	0.161077496302263	0.4024527697
4.039986636513257	2.669811e+04	5.217365e-02	4.439291733308630	1.252611587782933	201.922497447152779	0.065845807568929	0.3982615459
4.092341818199503	2.543117e+04	5.235518e-02	4.487269368897531	1.228526789435171	199.608897083874211	0.070553190571653	0.3946141366
4.145697731898842	2.195075e+04	5.335591e-02	4.536137864146712	1.204518535258647	197.373665184277229	0.050261415410520	0.3906984640
4.202817835586425	2.014355e+04	5.712010e-02	4.588458899904602	1.179380968239229	195.203789309822866	-0.008547682222691	0.3859240342
4.262104283321742	2.071599e+04	5.928645e-02	4.642750220107191	1.153895757021605	192.836388214813667	0.022547577090437	0.3817463706
4.320223031179025	2.113958e+04	5.811875e-02	4.695910835275504	1.129512324825331	190.349680019630824	0.101107589754147	0.3786300017
4.377429963524000	1.975764e+04	5.720693e-02	4.748168932666876	1.106075024248002	187.993535088719511	0.118293554097003	0.3755039730
4.436277219976271	1.929243e+04	5.884726e-02	4.801925734482210	1.082497846268399	186.011370375271696	-0.000473250305443	0.3708118035
4.495495483636990	1.927276e+04	5.921826e-02	4.855973744450026	1.059319206869512	183.696962574823146	0.079622539942326	0.3676596009
4.554413299774695	2.202678e+04	5.891782e-02	4.909701696156527	1.036783621259174	181.534958571633382	0.077836820634675	0.3642444916
4.609222537987036	2.161450e+04	5.480924e-02	4.959570155719790	1.016303769484371	179.184704290243445	0.217351698992425	0.3626977565
4.664273156888617	2.038046e+04	5.505062e-02	5.009639650211559	0.996151559439549	177.488532467579432	0.037236806304262	0.3586896058
4.720681914725672	2.143484e+04	5.640876e-02	5.060916487372790	0.975926697259368	175.578954030415161	0.054402540840343	0.3555055820
4.775406452217313	2.191364e+04	5.472454e-02	5.110604487289698	0.956715692805117	173.617978680769085	0.118055121363755	0.3530796151
4.829266089506440	2.393948e+04	5.385964e-02	5.159452990072983	0.938189963013607	171.787547290973009	0.116381819616513	0.3504971689
4.880551949304727	2.450125e+04	5.128586e-02	5.205910336341268	0.920893629341307	170.038544357969641	0.133916748304014	0.3482523402
4.931019747374807	2.677584e+04	5.046780e-02	5.251584290413749	0.904187278923432	168.426614621126930	0.105852772149812	0.3457692687
4.979085979018914	2.668079e+04	4.806623e-02	5.295040054984756	0.888559840182132	166.865464295907145	0.122524933149862	0.3436672757
5.027039754970422	2.515724e+04	4.795378e-02	5.338364916743791	0.873232751218446	165.426972364535402	0.083100265968263	0.3412254663
5.076223455685272	2.838579e+04	4.918370e-02	5.382797540798940	0.857770039501756	164.097615152453500	0.009497156390091	0.3382596358
5.122334219907313	2.535953e+04	4.611076e-02	5.424394300512702	0.843523801183631	162.498909935334780	0.181584402381273	0.3370731773
5.170931340962492	2.587778e+04	4.859712e-02	5.468243615130251	0.828740762816546	161.361444969923895	-0.028010941937160	0.3336842741
5.218846109224889	2.490452e+04	4.791477e-02	5.511433579006959	0.814409963696194	159.837039120550685	0.128220280998613	0.3321469481
5.267496396221006	2.082546e+04	4.865029e-02	5.555281001934050	0.800088959769728	158.624991158080263	0.016106208681686	0.3293195664
5.320487925229765	2.123731e+04	5.299153e-02	5.603074189484778	0.784734533547116	157.447777024850723	-0.084599552610484	0.3257816859
5.372738835131563	2.217719e+04	5.225091e-02	5.650158749456060	0.769861776178005	155.877826435713217	0.102989190670914	0.3241367092
5.423657059003325	2.117717e+04	5.091822e-02	5.695995973169220	0.755619218676529	154.456019690809910	0.124345942237930	0.3222256831
5.475553556366841	2.013607e+04	5.189650e-02	5.742694556890445	0.741342831476449	153.181367671676441	0.051312807947374	0.3196831997
5.528557909446026	1.953650e+04	5.300435e-02	5.790386075999407	0.727000560713739	151.932421873906605	0.010184451130642	0.3169971561
5.582147404696147	1.873902e+04	5.358950e-02	5.838576403282621	0.712746277393527	150.554720379043289	0.070020833421844	0.3148974874
5.636639050923709	1.769943e+04	5.449165e-02	5.887571435418541	0.698493191919821	149.314923492682482	0.016210827040823	0.3122222513
5.692474380560365	1.865020e+04	5.583533e-02	5.937769598929576	0.684134056296616	148.040324315115527	0.011959245399920	0.3096340908
5.746637472207794	1.941034e+04	5.416309e-02	5.986412513864915	0.670449534982656	146.611528027038304	0.129300729786198	0.3080652351
5.799513271523678	1.941729e+04	5.287580e-02	6.033865988828634	0.657312246992963	145.382192040547068	0.088337197779161	0.3059633767
5.852171313235587	2.071889e+04	5.265804e-02	6.081105276029186	0.644437901678584	144.217053501707710	0.051039113128215	0.3037372449
5.902950095831421	2.110437e+04	5.077878e-02	6.126608906089740	0.632224310916954	142.941016753085648	0.144779755039115	0.3023462902
5.953075803308280	2.034409e+04	5.012571e-02	6.171493746099430	0.620353258288611	141.818900665225527	0.102214076244851	0.3004967249
6.003943558174049	1.902901e+04	5.086775e-02	6.217043684245560	0.608481540083227	140.835107928591555	-0.001917094889724	0.2980610541
6.056346623944940	1.676550e+04	5.240307e-02	6.263971780717246	0.596431202130187	139.794076246159250	-0.009675005624587	0.2957685123
6.111965678576711	1.648398e+04	5.561905e-02	6.313801480291951	0.583831869154302	138.776939603710105	-0.056572481954842	0.2930700727
6.167835894388699	1.679731e+04	5.587022e-02	6.363839767870485	0.571378344641489	137.587178711152006	0.041866913096617	0.2911824611
6.222964541740780	1.821687e+04	5.512865e-02	6.413175849026840	0.559289848806725	136.393720712355872	0.099647936677127	0.2895147222
6.275697644196129	1.831031e+04	5.273310e-02	6.460313921581073	0.547912395803924	135.218893064923435	0.154177494123796	0.2881663286
6.328103781458124	1.845000e+04	5.240614e-02	6.507145996870250	0.536772035668127	134.262225674157747	0.040601198564989	0.2860220498
6.380122949034950	1.767947e+04	5.201917e-02	6.553608084006741	0.525877024047829	133.225952804990783	0.073166063806633	0.2843542888
6.433074890972725	1.772010e+04	5.295194e-02	6.600900638646452	0.514944785178671	132.294545522855117	0.007923288613028	0.2822184407
6.485776290747527	1.801958e+04	5.270140e-02	6.647944159068314	0.504224427992407	131.256403138873765	0.075767893371393	0.2806569268
6.537852667864319	2.035803e+04	5.207638e-02	6.694414495373485	0.493782616375339	130.316117776100157	0.047045855941403	0.2788333959
6.586676586698460	2.062077e+04	4.882392e-02	6.737919628553787	0.484137619811054	129.218534079052773	0.216914138355126	0.2781325087
6.635031590515692	2.245471e+04	4.835500e-02	6.780987390864442	0.474711487219739	128.400429908158628	0.071117510083339	0.2763548467
6.681222508271593	2.365580e+04	4.619092e-02	6.822095260990483	0.465825324542320	127.505745296214698	0.128032532607370	0.2752111374
6.726089725363168	2.100671e+04	4.486722e-02	6.862000471219236	0.457300978328730	126.696388015818812	0.104633693372582	0.2739038606
6.773563356036079	2.031483e+04	4.747363e-02	6.904226036814181	0.448388269254044	125.969731202409989	-0.008732167451372	0.2720203798
6.821690785492075	2.065569e+04	4.812743e-02	6.947048492584036	0.439460226983443	125.257459837883061	-0.058592926504132	0.2700664653
6.869272133163599	2.204828e+04	4.758135e-02	6.989343249295475	0.430749591674153	124.292954651056675	0.162589139349783	0.2693250317
6.915186786580492	2.118067e+04	4.591465e-02	7.030132120218502	0.422448373514948	123.522482205131155	0.101207444187467	0.2679762900
6.961896291147021	2.061180e+04	4.670950e-02	7.071619493939717	0.414103234565981	122.799948163791868	0.031554227557653	0.2663948543
7.009106875947849	2.005694e+04	4.721058e-02	7.113549180306451	0.405768027538850	122.075404614069569	0.011173741020419	0.2648277506
7.056824772348270	1.910816e+04	4.771790e-02	7.155928004972529	0.397442790515943	121.350308897252802	0.005713415458493	0.2632686775
7.105568016244246	1.774646e+04	4.874324e-02	7.199218557282146	0.389039646516192	120.627274962257601	-0.004287835722458	0.2616566296
7.155994455291366	1.559135e+04	5.042644e-02	7.244003907294378	0.380452043921520	119.879535696589201	0.000388728794778	0.2600475220
7.209626659553617	1.502855e+04	5.363220e-02	7.291653533472720	0.371431041545580	119.161202688350940	-0.056694896176192	0.2580661375
7.264075077970394	1.342081e+04	5.444842e-02	7.340026624640559	0.362392878307809	118.347698537754496	0.005379100801207	0.2564875638
7.321502412664028	1.240639e+04	5.742733e-02	7.391073944421652	0.352983351972471	117.628960671118051	-0.080609442047819	0.2542890683
7.381024790616093	1.274263e+04	5.952238e-02	7.444009698480810	0.343362032701384	116.847017803897472	-0.070661113949511	0.2522451331
7.439547412695866	1.276242e+04	5.852262e-02	7.496018791152878	0.334041479698854	115.882002299952205	0.103214864226551	0.2511625425
7.497821439271606	1.313813e+04	5.827403e-02	7.547776605246677	0.324893478305745	115.027413105603827	0.085384188382996	0.2497002821
7.555058917486715	1.404469e+04	5.723748e-02	7.598591459218078	0.316033379827086	114.216577953159288	0.065117350579336	0.2482111451
7.610232889763274	1.426150e+04	5.517397e-02	7.647545602469561	0.307609070911689	113.410821416899822	0.090115742082690	0.2469469313
7.664810325925818	1.484170e+04	5.457744e-02	7.695945716379451	0.299385464572181	112.643833596590284	0.080881383182725	0.2456280836
7.718141848480535	1.409012e+04	5.333152e-02	7.743223553424381	0.291451800533071	111.923035097775355	0.059539639298977	0.2442724569
7.772709917383797	1.354774e+04	5.456807e-02	7.791593800629768	0.283434462303686	111.235357261302610	0.012717392930125	0.2427248457
7.828186569989786	1.326863e+04	5.547665e-02	7.840754864146170	0.275387405073397	110.493015655301974	0.047675908305715	0.2413990573
7.884067657075756	1.486082e+04	5.588109e-02	7.890278698160042	0.267382355243286	109.830487735998901	-0.014133577298592	0.2397485542
7.936704433504939	1.621379e+04	5.263678e-02	7.936882496333593	0.259940537688375	109.024990581512682	0.159005808093281	0.2390434697
7.986949053454579	1.588661e+04	5.024462e-02	7.981340788895370	0.252922317753082	108.368383339708416	0.108635369822858	0.2379282982
8.037566860257870	1.565604e+04	5.061781e-02	8.026119820577835	0.245932059768335	107.762142196507611	0.038055659344452	0.2366080426
8.088413583914395	1.564193e+04	5.084672e-02	8.071090593988085	0.238989933708426	107.134566347028610	0.043087437585152	0.2354089409
8.139141322904186	1.611369e+04	5.072774e-02	8.115941642520095	0.232142915815112	106.503695826309809	0.058412100657154	0.2342786688
8.188982682525809	1.694410e+04	4.984136e-02	8.159988108975336	0.225491981906297	105.870792746028812	0.087119900180859	0.2332694923
8.237455999037984	1.676549e+04	4.847332e-02	8.202812412542867	0.219094073723918	105.294449255205251	0.058139104001873	0.2321558102
8.286059467203634	1.660828e+04	4.860347e-02	8.245732433253018	0.212748543679692	104.691731689186611	0.086396569517869	0.2311885761
8.334765174629698	1.756793e+04	4.870571e-02	8.288732360819061	0.206457099190477	104.134315801394266	0.046578742172956	0.2300523987
8.381998931841830	1.694914e+04	4.723376e-02	8.330424593144109	0.200419004840395	103.595320463460979	0.038613653018077	0.2289797953
8.429966691369307	1.549540e+04	4.796776e-02	8.372764320093523	0.194348678369141	103.079972986099818	0.001852536338692	0.2277842331
8.480007112730538	1.493358e+04	5.004042e-02	8.416949742055905	0.188078853558346	102.596198935445770	-0.071368607573631	0.2263352034
8.530846166177312	1.586171e+04	5.083905e-02	8.461834470504662	0.181776839863378	102.012765037565515	0.024901482049562	0.2253078052
8.580044404305943	1.572324e+04	4.919824e-02	8.505244867388267	0.175745102688705	101.409243777763436	0.114114066019164	0.2245242730
8.629332530749013	1.510228e+04	4.928813e-02	8.548717458655316	0.169766113848494	100.863314382139308	0.077538995224614	0.2235164499
8.679495707600369	1.390146e+04	5.016318e-02	8.592970000881321	0.163741988971726	100.391468800053715	-0.036062506291743	0.2221546194
8.731645785280165	1.368154e+04	5.215008e-02	8.638988210195675	0.157542961824866	99.889629202524787	-0.053544987182744	0.2208255932
8.784073131157497	1.454110e+04	5.242735e-02	8.685233842553551	0.151379477084971	99.287990747647115	0.070239439685263	0.2199585559
8.834791756223485	1.476573e+04	5.071863e-02	8.729958521789586	0.145480814718701	98.752637641737067	0.058851832569042	0.2189499762
8.884994015577364	1.527898e+04	5.020226e-02	8.774211169873043	0.139703593450748	98.213912394789531	0.074424181940622	0.2180261476
8.934221267084805	1.642273e+04	4.922725e-02	8.817579872364847	0.134098034239641	97.666716380766914	0.113743070005480	0.2172388381
8.981586478563324	1.697733e+04	4.736521e-02	8.859295104957383	0.128757974706624	97.188765231224522	0.065086776496101	0.2162963634
9.028061817115988	1.734825e+04	4.647534e-02	8.900198592143571	0.123570434577409	96.657883303273195	0.147749053501456	0.2156776780
9.073931853415598	1.623558e+04	4.587004e-02	8.940562139220416	0.118497902512421	96.228446634149634	0.039294701915971	0.2146729989
9.121240500001582	1.702369e+04	4.730865e-02	8.982196187244661	0.113313469394121	95.806827900462935	-0.024145455165925	0.2135690518
9.167333894290088	1.846851e+04	4.609339e-02	9.022735489069035	0.108311333310714	95.282326846125741	0.136969769525534	0.2130293616
9.211488066943804	1.817659e+04	4.415417e-02	9.061544970585835	0.103564572317461	94.815104815055165	0.142953260180734	0.2123816754
9.255899976754385	1.862902e+04	4.441191e-02	9.100579585814982	0.098831113524565	94.432206795699926	0.008418511569654	0.2113641941
9.299675094164897	1.736607e+04	4.377512e-02	9.139038543590964	0.094207005726309	93.978119849869131	0.097981820382785	0.2107287643
9.344918552929931	1.605569e+04	4.524346e-02	9.178799704694253	0.089467067778564	93.633565402466672	-0.071865623327498	0.2095357115
9.391870043628499	1.454987e+04	4.695149e-02	9.220076527368347	0.084589696226118	93.249633932205782	-0.080429373646819	0.2084399707
9.441080787127648	1.309444e+04	4.921074e-02	9.263348592351321	0.079523230752314	92.826662077670505	-0.045804097684585	0.2074098423
9.492833043893890	1.390917e+04	5.175226e-02	9.308872459379616	0.074243958506919	92.414995850176069	-0.078228518565293	0.2062066728
9.542923806613311	1.345104e+04	5.009076e-02	9.352907814849017	0.069186203687760	91.878289274702098	0.128079496044692	0.2056899581
9.593740396439845	1.275710e+04	5.081659e-02	9.397583115644982	0.064103384555559	91.474804175380015	-0.008832336928940	0.2045631245
9.645796630744993	1.441161e+04	5.205623e-02	9.443342908279950	0.058947037836778	91.013638182900422	0.024371156091895	0.2036519725
9.694654860570852	1.438796e+04	4.885823e-02	9.486266364520089	0.054155514481582	90.528437500536285	0.125436412708281	0.2030592873
9.743442464743119	1.311889e+04	4.878760e-02	9.529115721057552	0.049415317509670	90.108912743542774	0.062526373732314	0.2022020478
9.794420367340493	1.239316e+04	5.097790e-02	9.573910237541558	0.044505301583844	89.764868871344589	-0.104572918072536	0.2009083543
9.846746788068980	1.116011e+04	5.232642e-02	9.619886960754306	0.039513254240556	89.305966460913083	0.012643644552913	0.2000819889
9.901756276901121	1.084802e+04	5.500949e-02	9.668236687362210	0.034314769421342	88.905198541227293	-0.065769485792475	0.1988761565
9.957411751900981	1.107481e+04	5.565547e-02	9.717155354533478	0.029107762009235	88.446232546939072	-0.004742423709651	0.1979259492
10.012355608033680	1.079249e+04	5.494386e-02	9.765421130761148	0.024021377685385	87.933269127643911	0.114224956354335	0.1972874605
10.067875739898936	1.236723e+04	5.552013e-02	9.814190406843140	0.018932747934796	87.513627359289416	0.011337463619019	0.1962293849
10.119611808869950	1.175558e+04	5.173607e-02	9.859609157078577	0.014238986625614	87.037423491911127	0.122620251344660	0.1956535357
10.172554356767980	1.195534e+04	5.294255e-02	9.906085763010646	0.009480458703480	86.649866510882248	0.006049761428245	0.1946421105
10.224929449133532	1.238885e+04	5.237509e-02	9.952050199383260	0.004818082672022	86.211516397884893	0.065696684711000	0.1939146451
10.276261073431197	1.251343e+04	5.133162e-02	9.997068482965265	0.000293237666595	85.749704583609102	0.148568129269541	0.1933728888
10.327221407385283	1.273803e+04	5.096033e-02	10.041761724869907	-0.004158804601635	85.398271805651149	-0.002921194360778	0.1923760271
