0.572317590245468	5.605078e+03	2.500000e-02	1.030248218299796	8.706398732242272	1139.913624087440212	0.496339177702460	0.9975594518
0.634817590245468	4.944401e+03	6.250000e-02	1.104020018075352	8.057806775490437	1027.877801301529871	0.495497646785067	0.9969984312
0.697317590245468	4.274096e+03	6.250000e-02	1.175424416740749	7.507565316473764	935.943486811407411	0.494569706742728	0.9963798045
0.759817590245468	3.804214e+03	6.250000e-02	1.244743827098521	7.033781555928540	859.150230279859215	0.493555572904461	0.9957037153
0.822317590245468	3.476368e+03	6.250000e-02	1.312207173638815	6.620747852086119	794.045651943525627	0.492455480372780	0.9949703202
0.884817590245467	3.233868e+03	6.250000e-02	1.378003322783638	6.256876550776006	738.152821662703332	0.491269683907524	0.9941797893
0.947317590245467	3.282856e+03	6.250000e-02	1.442290432840803	5.933416302501243	689.648478594669655	0.489998457800482	0.9933323052
1.009817590245467	3.722751e+03	6.250000e-02	1.505202650346798	5.643623699238109	647.160745418756619	0.488642095740776	0.9924280638
1.072317590245467	4.566992e+03	6.250000e-02	1.566855023249485	5.382211405405653	609.637583919419285	0.487200910671052	0.9914672738
1.134817590245467	5.702202e+03	6.250000e-02	1.627347181805292	5.144970238561225	576.258719383442667	0.485675234634573	0.9904501564
1.197317590245467	7.265560e+03	6.250000e-02	1.686766146954425	4.928504089352105	546.375150293751972	0.484065418613327	0.9893769457
1.259817590245466	9.110129e+03	6.250000e-02	1.745188507637170	4.730040025039535	519.466663701511834	0.482371832357260	0.9882478882
1.322317590245466	1.087222e+04	6.250000e-02	1.802682133048462	4.547289683894132	495.111398943258735	0.480594864204785	0.9870632428
1.384817590245466	1.250935e+04	6.250000e-02	1.859307536395959	4.378346402760125	472.963653315678926	0.478734920894707	0.9858232806
1.447317590245466	1.490204e+04	6.250000e-02	1.915118973578878	4.221607711040795	452.737438301028135	0.476792427369713	0.9845282849
1.509817590245466	1.591657e+04	6.250000e-02	1.970165337505403	4.075716138962158	434.194120005261652	0.474767826571596	0.9831785510
1.572317590245466	2.009104e+04	6.250000e-02	2.024490892926542	3.939513452463254	417.133007369695008	0.472661579228373	0.9817743862
1.634817590245465	2.821511e+04	6.250000e-02	2.078135885420852	3.812004869438486	401.384099290771587	0.470474163633468	0.9803161091
1.697317590245465	3.260973e+04	6.250000e-02	2.131137050059313	3.692330791077789	386.802434168465879	0.468206075417156	0.9788040503
1.759817590245465	3.975293e+04	6.250000e-02	2.183528039353604	3.579744257811468	373.263643511017221	0.465857827310430	0.9772385515
1.820995245114444	3.610001e+04	6.117765e-02	2.234249376833048	3.475776116887438	360.918043749311664	0.463482137657874	0.9756547584
1.883495245114443	3.825277e+04	6.250000e-02	2.285521773043119	3.375368512322345	349.140368119924688	0.460976842597299	0.9739845617
1.944453520456116	3.385985e+04	6.095828e-02	2.335023582088211	3.282611994460887	338.388777940859370	0.458457690918350	0.9723051273
2.006953520456116	3.015108e+04	6.250000e-02	2.385282766564903	3.192375067716275	328.049543343827054	0.455797822769928	0.9705318818
2.069453520456116	3.502894e+04	6.250000e-02	2.435063788582257	3.106668600177493	318.340872386273702	0.453060578545083	0.9687070524
2.131168152710378	4.059410e+04	6.171463e-02	2.483770852503556	3.026136303967149	309.318715514544408	0.450282401761122	0.9668549345
2.187931704375504	4.205588e+04	5.676355e-02	2.528193502524473	2.955393442003041	301.474644438383564	0.447661538369425	0.9651076922
2.243207917492846	4.308695e+04	5.527621e-02	2.571118841880154	2.889357363461040	294.222036275896187	0.445049437436616	0.9633662916
2.297360958002719	4.498186e+04	5.415304e-02	2.612864856975403	2.827216694083362	287.459357548340847	0.442433525196387	0.9616223501
2.349935997535104	4.198038e+04	5.257504e-02	2.653113946931834	2.769155867415493	281.195746237361561	0.439840385681135	0.9598935905
2.403943699077592	3.958977e+04	5.400770e-02	2.694182092649569	2.711701605946608	275.050546929695997	0.437122174964141	0.9580814500
2.459132613162409	3.564584e+04	5.518891e-02	2.735867679658353	2.655147533030095	269.053693737664105	0.434288010023821	0.9561920067
2.516849756289141	3.212814e+04	5.771714e-02	2.779169890969523	2.598196725034131	263.067588846379010	0.431263431372646	0.9541756209
2.577169079057693	3.628377e+04	6.031932e-02	2.824115655749901	2.540931469870928	257.102525847559718	0.428036902220871	0.9520246015
2.633475683199415	3.955114e+04	5.630660e-02	2.865796739790536	2.489431005749177	251.784845491471089	0.424965090608672	0.9499767271
2.687012755868474	3.549583e+04	5.353707e-02	2.905190063088274	2.442115587222478	246.938891999616260	0.421991209148094	0.9479941394
2.743140926971985	3.669681e+04	5.612817e-02	2.946249398496248	2.394145792648767	242.065072044723394	0.418818274333737	0.9458788496
2.797956994477223	3.860673e+04	5.481607e-02	2.986118847459207	2.348828533234261	237.497371963769808	0.415665568814105	0.9437770459
2.851041984529137	4.096252e+04	5.308499e-02	3.024519413632585	2.306310402547407	233.244512428936275	0.412562110396364	0.9417080736
2.902249684524212	4.676257e+04	5.120770e-02	3.061372301448893	2.266508942825144	229.292385602997314	0.409521941876286	0.9396812946
2.949887250995135	5.269519e+04	4.763757e-02	3.095493415772304	2.230502752500628	225.741516050491896	0.406653151147957	0.9377687674
2.994515144407700	5.169668e+04	4.462789e-02	3.127320584429466	2.197625484828366	222.519653528621319	0.403930443340803	0.9359536289
3.039342103476560	5.252972e+04	4.482696e-02	3.159158545787693	2.165399854126864	219.380752662246266	0.401161648717695	0.9341077658
3.083587546947827	5.037626e+04	4.424544e-02	3.190457756804123	2.134346467579306	216.374081357270597	0.398395705980822	0.9322638040
3.128546618418022	4.539214e+04	4.495907e-02	3.222136983575187	2.103530374709365	213.408048884837001	0.395551803319170	0.9303678689
3.175676296136635	4.333185e+04	4.712968e-02	3.255213965729414	2.071994684613380	210.391132080405953	0.392534843456851	0.9283565623
3.223667694891637	4.235026e+04	4.799140e-02	3.288760710755788	2.040659044391803	207.411930409999030	0.389425478280041	0.9262836522
3.271963860344718	3.835642e+04	4.829617e-02	3.322386496930914	2.009884614338998	204.504272955042239	0.386258811150820	0.9241725408
3.322454713774264	3.518430e+04	5.049085e-02	3.357400362534639	1.978494942572351	201.557225469964862	0.382908385639675	0.9219389238
3.374896898635569	3.225346e+04	5.244218e-02	3.393620019939058	1.946705860186309	198.592150235607392	0.379385816722693	0.9195905445
3.429376888827840	3.311514e+04	5.447999e-02	3.431092463557741	1.914523612001665	195.610558709980978	0.375680873617425	0.9171205824
3.482848994375913	2.946811e+04	5.347211e-02	3.467722732981533	1.883736898826984	192.777427927034921	0.371999939897023	0.9146666266
3.539233336069957	2.626494e+04	5.638434e-02	3.506192757482802	1.852096473777241	189.885463311443374	0.368071355749904	0.9120475705
3.598628445598471	3.075508e+04	5.939511e-02	3.546549704530761	1.819641858458906	186.940073307994822	0.363881323005244	0.9092542153
3.653203650480583	3.377558e+04	5.457520e-02	3.583484853324327	1.790579675737488	184.320789719750280	0.359985216987615	0.9066568113
3.705012342454695	3.150467e+04	5.180869e-02	3.618421298082799	1.763636176168443	181.907997102006846	0.356246326186380	0.9041642175
3.758396178351147	3.321525e+04	5.338384e-02	3.654294674887317	1.736506190571060	179.493758186216439	0.352353269256820	0.9015688462
3.810131397000137	3.558427e+04	5.173522e-02	3.688942171938438	1.710804218095204	177.220846349959260	0.348541753642344	0.8990278358
3.859879539259163	3.854160e+04	4.974814e-02	3.722152245398740	1.686617671902547	175.094729114034521	0.344841207445791	0.8965608050
3.907467253120295	3.566195e+04	4.758771e-02	3.753824729088643	1.663949630495351	173.113444563632697	0.341269296605754	0.8941795311
3.956729843100090	3.703220e+04	4.926259e-02	3.786516174342232	1.640950028884304	171.114499700541955	0.337539078244545	0.8916927188
4.004863307841834	3.314349e+04	4.813346e-02	3.818366541787671	1.618920915674646	169.210682696529403	0.333862763847654	0.8892418426
4.055529569327905	3.002855e+04	5.066626e-02	3.851797366475819	1.596190569897358	167.257415533079438	0.329959735007338	0.8866398233
4.108527380380803	3.078247e+04	5.299781e-02	3.886664484384749	1.572900243943485	165.267880008886010	0.325841119531917	0.8838940797
4.160636836094646	3.142020e+04	5.210946e-02	3.920848054524155	1.550468638656192	163.363141415280779	0.321756219711856	0.8811708131
4.211989419108353	3.440446e+04	5.135258e-02	3.954441553760874	1.528802073326762	161.534119405273657	0.317696922701358	0.8784646151
4.260855423884888	3.894674e+04	4.886600e-02	3.986324401401670	1.508576571561462	159.836366828677910	0.313803575013200	0.8758690500
4.306599506804498	3.770338e+04	4.574408e-02	4.016097962209624	1.489979102625794	158.283537854764887	0.310132322049434	0.8734215480
4.352919073506580	3.670302e+04	4.631957e-02	4.046176502567293	1.471469050758170	156.745932301111935	0.306389022326015	0.8709260149
4.399690812804797	3.478247e+04	4.677174e-02	4.076479317312738	1.453097200206602	155.227684797579826	0.302583168870080	0.8683887792
4.447557565360940	3.320829e+04	4.786675e-02	4.107421175465443	1.434617628143971	153.708514520589574	0.298661566290023	0.8657743775
4.496360833269962	3.234573e+04	4.880327e-02	4.138896911786955	1.416102699132589	152.194526658235588	0.294635927490262	0.8630906183
4.545622153599726	3.242577e+04	4.926132e-02	4.170596710607093	1.397738427829036	150.700920402445774	0.290545002393214	0.8603633349
4.594635298763134	3.410465e+04	4.901315e-02	4.202067479299413	1.379780917194420	149.248223482608807	0.286447728195662	0.8576318188
4.642247528571206	3.483860e+04	4.761223e-02	4.232574209653145	1.362628392242528	147.867930391275763	0.282442255404897	0.8549615036
4.689185482416287	3.805008e+04	4.693795e-02	4.262588233153829	1.345992494001970	146.536061812969109	0.278469511366577	0.8523130076
4.733940561272946	3.610224e+04	4.475508e-02	4.291151713565369	1.330376707117481	145.292047130530534	0.274659709005324	0.8497731393
4.779733951886890	3.361416e+04	4.579339e-02	4.320323918145728	1.314641260577511	144.044601462374516	0.270739854349918	0.8471599029
4.827031377164150	3.152228e+04	4.729743e-02	4.350398381872205	1.298640060567620	142.782414543418355	0.266668650487363	0.8444457670
4.875703857610599	2.969538e+04	4.867248e-02	4.381289422173207	1.282433100491179	141.510548784651888	0.262455540002161	0.8416370267
4.925674095531015	2.731977e+04	4.997024e-02	4.412944764470365	1.266060540914154	140.232433324316844	0.258105721246693	0.8387371475
4.977584451744168	2.648174e+04	5.191036e-02	4.445767209228850	1.249330549571121	138.933473784153193	0.253561391777672	0.8357075945
5.030114788840219	2.320484e+04	5.253034e-02	4.478919235338143	1.232681473937101	137.647936348570397	0.248936761134275	0.8326245074
5.086023677089265	2.394973e+04	5.590889e-02	4.514136532427004	1.215263080362247	136.310683177515102	0.243986570275537	0.8293243802
5.140841167141005	2.132958e+04	5.481749e-02	4.548601374825440	1.198477988276950	135.029548193520554	0.239105509667259	0.8260703398
5.198707604961718	2.157385e+04	5.786644e-02	4.584915564509010	1.181065247396957	133.708350822675754	0.233924141393351	0.8226160943
5.256017189363752	2.199757e+04	5.730958e-02	4.620814099088592	1.164120820608732	132.430420282809479	0.228764193051361	0.8191761287
5.312551246833168	2.154277e+04	5.653406e-02	4.656164433944936	1.147690473965392	131.198607666737047	0.223647063105010	0.8157647087
5.369461673719046	2.264672e+04	5.691043e-02	4.691689590491109	1.131428306823094	129.986586521015738	0.218469495751642	0.8123129972
5.424757139809389	2.118307e+04	5.529547e-02	4.726150424399353	1.115886948577372	128.835020260325621	0.213414194286662	0.8089427962
5.481722209169036	2.298264e+04	5.696507e-02	4.761595802158118	1.100136260089035	127.674712339379013	0.208181540448017	0.8054543603
5.536207669115736	2.309653e+04	5.448546e-02	4.795446947998125	1.085311360638560	126.588879998012530	0.203153849228725	0.8021025662
5.590366447129603	2.457296e+04	5.415878e-02	4.829047085085685	1.070801925059830	125.532092616052296	0.198134834413377	0.7987565563
5.642690016689254	2.480654e+04	5.232357e-02	4.861464705864184	1.056993232499953	124.531841714423805	0.193266143674344	0.7955107624
5.694592740744254	2.510254e+04	5.190272e-02	4.893580359626540	1.043493570168563	123.559197990722964	0.188417989511272	0.7922786597
5.746018961723304	2.783346e+04	5.142622e-02	4.925362044763584	1.030307601576525	122.614176492094728	0.183596582762925	0.7890643885
5.794699357355392	2.813747e+04	4.868040e-02	4.955412123635632	1.017995627912237	121.736303989985117	0.179016792555129	0.7860111950
5.842969036144510	2.736428e+04	4.826968e-02	4.985176490729829	1.005947034893443	120.881457435775033	0.174460897683182	0.7829739318
5.891769565712576	2.822937e+04	4.880053e-02	5.015236713436767	0.993923830795087	120.032627214034434	0.169840412703561	0.7798936085
5.939672322773506	2.845077e+04	4.790276e-02	5.044714186167924	0.982272856491840	119.214119605457029	0.165291189106283	0.7768607927
5.987248712863853	2.633405e+04	4.757639e-02	5.073962669440507	0.970846190932397	118.415260972464836	0.160759899073883	0.7738399327
6.036557507020128	2.793198e+04	4.930879e-02	5.104247616120898	0.959152602318253	117.601756086008933	0.156050309589818	0.7707002064
6.084292853346140	2.734922e+04	4.773535e-02	5.133539467936843	0.947973725040625	116.827880184890702	0.151478524929212	0.7676523500
6.132396262832315	2.733264e+04	4.810341e-02	5.163031586690226	0.936846566226515	116.061317715703268	0.146859487867845	0.7645729919
6.180376633675469	2.814373e+04	4.798037e-02	5.192423643957490	0.925882918208565	115.309685360666307	0.142240675029167	0.7614937834
6.227526553281749	2.790062e+04	4.714992e-02	5.221283937167341	0.915237730860738	114.583388801733236	0.137690925255747	0.7584606168
6.274750380961650	2.657447e+04	4.722383e-02	5.250167469096952	0.904701146936945	113.867921710872537	0.133123623141475	0.7554157488
6.323004891563841	2.568602e+04	4.825451e-02	5.279659568781513	0.894061514710103	113.148930582291456	0.128446266659266	0.7522975111
6.371949568794409	2.542351e+04	4.894468e-02	5.309551885637706	0.883398112569522	112.431856455294366	0.123691720956475	0.7491278140
6.421007599142031	2.595955e+04	4.905803e-02	5.339492557254164	0.872837145622412	111.725168645901164	0.118916189728600	0.7459441265
6.469420181196746	2.576685e+04	4.841258e-02	5.369019740188810	0.862537387439059	111.039333073812116	0.114194115582475	0.7427960771
6.517879653358452	2.761656e+04	4.845947e-02	5.398556962413419	0.852346852987453	110.364068620572567	0.109458552568646	0.7396390350
6.564559907061721	2.769203e+04	4.668025e-02	5.426992979945176	0.842641042093447	109.723992040647957	0.104888803510179	0.7365925357
6.611054210968963	2.774397e+04	4.649430e-02	5.455300195184365	0.833079691714755	109.096386135782652	0.100329763614161	0.7335531757
6.657384301531375	2.895100e+04	4.633009e-02	5.483492779322737	0.823655177901975	108.480637600120062	0.095779738764628	0.7305198258
6.702621571400363	2.830600e+04	4.523727e-02	5.511006969617400	0.814550417941904	107.888506172690853	0.091330546668698	0.7275536978
6.748256989923950	2.754881e+04	4.563542e-02	5.538750617044824	0.805461319963789	107.300080003097747	0.086836026881660	0.7245573513
6.794399314818368	2.707229e+04	4.614232e-02	5.566790171829200	0.796367330424111	106.714038191727141	0.082285618630054	0.7215237458
6.840828584740434	2.667188e+04	4.642927e-02	5.594992371700353	0.787312535148451	106.133220993847516	0.077701200009408	0.7184674667
6.887487029647471	2.479606e+04	4.665844e-02	5.623322655012218	0.778308059753024	105.558316561332077	0.073088724314441	0.7153924829
6.935756106456648	2.473937e+04	4.826908e-02	5.652619922947247	0.769091171229155	104.972638382904762	0.068311667534409	0.7122077784
6.983955054299818	2.533724e+04	4.819895e-02	5.681864277939668	0.759985721381250	104.396826230713785	0.063536485985759	0.7090243240
7.031459226561716	2.548766e+04	4.750417e-02	5.710677724086874	0.751105645100815	103.837946721544782	0.058825550012292	0.7058837000
7.078703369166827	2.434454e+04	4.724414e-02	5.739324969062253	0.742365182997104	103.290452613508890	0.054136238427033	0.7027574923
7.126923192933686	2.456512e+04	4.821982e-02	5.768555858223380	0.733536130320117	102.740040514983988	0.049346164855434	0.6995641099
7.174804257259376	2.486446e+04	4.788106e-02	5.797574158284528	0.724859350994304	102.201711379129350	0.044586185545236	0.6963907904
7.222276978557011	2.211443e+04	4.747272e-02	5.826338587761687	0.716343780810328	101.675893594227773	0.039863652572888	0.6932424350
7.272490549109850	2.139809e+04	5.021357e-02	5.856757593204280	0.707429382360508	101.128126439960297	0.034865434912768	0.6899102899
7.323404957900238	2.165479e+04	5.091441e-02	5.887595541111247	0.698486237747330	100.581359491528190	0.029794685047840	0.6865297900
7.373883963444591	2.150667e+04	5.047901e-02	5.918165019744529	0.689712937479339	100.047683601073373	0.024764953069293	0.6831766354
7.424405514686636	2.158524e+04	5.052155e-02	5.948756348183004	0.681023631612415	99.521773936624811	0.019729048723052	0.6798193658
7.474705199164794	2.197795e+04	5.029968e-02	5.979210249166955	0.672461676923509	99.006171937947840	0.014713735942679	0.6764758240
7.524426362780730	2.329750e+04	4.972116e-02	6.009311638698136	0.664084108336643	98.504184596640172	0.009754996637951	0.6731699978
7.572597815721261	2.149222e+04	4.817145e-02	6.038473416427003	0.656047697882730	98.024985329899053	0.004950114171912	0.6699667428
7.622630364374852	2.235958e+04	5.003255e-02	6.068761125005096	0.647782767193956	97.534567614976567	-0.000040764632697	0.6666394902
7.671560330571954	2.352373e+04	4.892997e-02	6.098381374164850	0.639779375288654	97.062007299886758	-0.004921657923653	0.6633855614
7.719148216597890	2.338218e+04	4.758789e-02	6.127189854099187	0.632069551967586	96.608967107024512	-0.009668342715132	0.6602211049
7.766767588866350	2.289288e+04	4.761937e-02	6.156018705569284	0.624426513024255	96.161979005439889	-0.014417520367432	0.6570549864
7.814780338795879	2.042251e+04	4.801275e-02	6.185087680598517	0.616791954521221	95.717611684662288	-0.019204955919785	0.6538633627
7.865494512914826	2.105354e+04	5.071417e-02	6.215795075647566	0.608804646597554	95.254996485181863	-0.024260341387263	0.6504931057
7.915319351489404	2.179897e+04	4.982484e-02	6.245967558326488	0.601032971532012	94.807122747659079	-0.029225306911494	0.6471831287
7.964166475303583	2.180962e+04	4.884712e-02	6.275552095919635	0.593485297732131	94.374294332125174	-0.034090806139185	0.6439394626
8.012886422039605	2.137934e+04	4.871995e-02	6.305064343722188	0.586026637453237	93.948648026978347	-0.038941301922504	0.6407057987
8.061978893054524	1.983444e+04	4.909247e-02	6.334807692464249	0.578579885210373	93.525750903896750	-0.043826202851492	0.6374491981
8.112827619500942	1.911749e+04	5.084873e-02	6.365621554468231	0.570938503716213	93.093960412628405	-0.048882675980000	0.6340782160
8.164495537688991	1.942347e+04	5.166792e-02	6.396939312746213	0.563247595623506	92.661590156618189	-0.054016933356726	0.6306553778
8.215629247144655	1.946031e+04	5.113371e-02	6.427941421223150	0.555708016719470	92.239898047482342	-0.059094098520484	0.6272706010
8.266591187804632	2.106683e+04	5.096194e-02	6.458848179767220	0.548263672046926	91.825650586787688	-0.064149891059226	0.6239000726
8.315454131462173	2.128400e+04	4.886294e-02	6.488490867331038	0.541190425396003	91.434011770261307	-0.068993081757533	0.6206712788
8.363955983721588	1.993203e+04	4.850185e-02	6.517923739767881	0.534230899172215	91.050540254370574	-0.073795955254157	0.6174693632
8.413962472620428	1.903139e+04	5.000649e-02	6.548279964895472	0.527118579781069	90.660574997140159	-0.078742796289184	0.6141714691
8.465019778146329	1.936283e+04	5.105731e-02	6.579285524830538	0.519921876358690	90.267972267853779	-0.083787999171965	0.6108080006
8.515518810319348	1.891296e+04	5.049903e-02	6.609964106727652	0.512867519177896	89.885085239448671	-0.088772161570464	0.6074852256
8.566496184056183	1.847577e+04	5.097737e-02	6.640946112154356	0.505809538447821	89.503941974999563	-0.093797288838034	0.6041351408
8.617952727092275	2.000918e+04	5.145654e-02	6.672233094331313	0.498748598650718	89.124589203716511	-0.098862962591986	0.6007580249
8.667282206503355	2.043837e+04	4.932948e-02	6.702240377807720	0.492038398549794	88.765895291417635	-0.103712629412186	0.5975249137
8.715981614326653	1.998474e+04	4.869941e-02	6.731878057890405	0.485469569413701	88.416478658164664	-0.108493730470573	0.5943375130
8.765122100267345	1.938136e+04	4.914049e-02	6.761798528655616	0.478896473714990	88.068545335414981	-0.113311192994200	0.5911258713
8.814911125150353	1.857119e+04	4.978902e-02	6.792129189394502	0.472292372709046	87.720700397794261	-0.118184847058446	0.5878767686
8.865660888222472	1.898943e+04	5.074976e-02	6.823061602011352	0.465617721676751	87.370907860962362	-0.123144605548744	0.5845702630
8.915734767092506	1.957697e+04	5.007388e-02	6.853598989057791	0.459087410273878	87.030406705778319	-0.128030174617905	0.5813132169
8.964941525695350	2.005617e+04	4.920676e-02	6.883624542017282	0.452723044227721	86.700208093718928	-0.132823002475083	0.5781179983
9.013450737135315	1.925453e+04	4.850921e-02	6.913241491726445	0.446499447758001	86.378893754762430	-0.137539740125448	0.5749735066
9.062853305034487	1.861320e+04	4.940257e-02	6.943421823677176	0.440212081872924	86.055880086964308	-0.142334776556209	0.5717768156
9.112990441202559	1.851916e+04	5.013714e-02	6.974070012426784	0.433882938109518	85.732342996408377	-0.147192016002916	0.5685386560
9.163144143891600	1.801694e+04	5.015370e-02	7.004748175087788	0.427603070095332	85.412939924020634	-0.152041436378496	0.5653057091
9.213880590594430	1.922575e+04	5.073645e-02	7.035803593522010	0.421301755666855	85.094068896276283	-0.156937351855435	0.5620417654
9.262887614062228	1.923670e+04	4.900702e-02	7.065820876373303	0.415263728725138	84.790051734394638	-0.161656732878491	0.5588955114
9.311776506338568	2.111207e+04	4.888889e-02	7.095786356057480	0.409287075203902	84.490604897214681	-0.166355056877651	0.5557632954
9.358344883377463	2.229775e+04	4.656838e-02	7.124349103510953	0.403636999634380	84.208879069937268	-0.170821176406563	0.5527858824
9.403567293549193	2.305810e+04	4.522241e-02	7.152105030848928	0.398189757682157	83.938521104500865	-0.175149437630064	0.5499003749
9.447951467250606	2.165805e+04	4.438417e-02	7.179364832729761	0.392880879156794	83.676218672826835	-0.179388895675179	0.5470740695
9.493660714862379	2.062015e+04	4.570925e-02	7.207457890780451	0.387451741173775	83.409191185168893	-0.183745871221801	0.5441694192
9.540414831333015	2.115903e+04	4.675412e-02	7.236213962140798	0.381938131227058	83.139272009415606	-0.188192763926028	0.5412048240
9.586477934712837	2.127663e+04	4.606310e-02	7.264566070975086	0.376544710626846	82.876471805643646	-0.192564184247101	0.5382905438
9.632323844340474	1.956765e+04	4.584591e-02	7.292805667956806	0.371214379664343	82.617949378426687	-0.196905214262833	0.5353965238
9.680037222759545	1.882229e+04	4.771338e-02	7.322218453750621	0.365706317445057	82.352067714323525	-0.201412531288617	0.5323916458
9.728588337598516	1.855220e+04	4.855111e-02	7.352172109272067	0.360142261548620	82.084788039653361	-0.205987764714027	0.5293414902
9.777391865214909	1.977043e+04	4.880353e-02	7.382306846932559	0.354590131153262	81.819392366140292	-0.210575185139040	0.5262832099
9.824571292686281	1.930270e+04	4.717943e-02	7.411463390552473	0.349261201606579	81.565901245110439	-0.214998710010119	0.5233341933
9.872224907018879	1.767819e+04	4.765361e-02	7.440938034255820	0.343916580673436	81.312882578357303	-0.219455309688041	0.5203631269
9.921921210936784	1.774139e+04	4.969630e-02	7.471703442897751	0.338382883692410	81.052202749572814	-0.224090571294300	0.5172729525
9.971426679729783	1.689623e+04	4.950547e-02	7.502378960905228	0.332910541057688	80.795707373775286	-0.228695288387752	0.5142031411
10.022051373135650	1.687519e+04	5.062469e-02	7.533777689695088	0.327355333789352	80.536648145659385	-0.233390761974626	0.5110728254
10.072601942457471	1.769983e+04	5.055057e-02	7.565160948603471	0.321848942532545	80.281181652496187	-0.238065702242568	0.5079561985
10.121858397295350	1.965387e+04	4.925645e-02	7.595770622136620	0.316522114406226	80.035296437622819	-0.242607653689776	0.5049282309
10.168507884732152	2.178094e+04	4.664949e-02	7.624787846253887	0.311511900611513	79.805151398838206	-0.246896948275118	0.5020687011
10.212736631285646	2.253898e+04	4.422875e-02	7.652324500851341	0.306792465333569	79.589363568437349	-0.250952509313778	0.4993649938
10.256136959621356	2.347069e+04	4.340033e-02	7.679369577325828	0.302190225292202	79.379871017164461	-0.254921438625342	0.4967190409
10.298592180298474	2.509466e+04	4.245522e-02	7.705849218099505	0.297715503764594	79.177071957659066	-0.258793605676384	0.4941375962
10.339580104424574	2.561560e+04	4.098792e-02	7.731436052708991	0.293420773556826	78.983256329714891	-0.262522155432843	0.4916518964
10.380081913349134	2.616338e+04	4.050181e-02	7.756741282242136	0.289201178192376	78.793621079543286	-0.266196947525330	0.4892020350
10.420092066999633	2.487928e+04	4.001015e-02	7.781760923986464	0.285056184285493	78.608102131729737	-0.269817739303894	0.4867881738
10.461055749658195	2.271672e+04	4.096368e-02	7.807399346542240	0.280836237027996	78.420007475912257	-0.273515067601794	0.4843232883
10.503854473379342	2.108187e+04	4.279872e-02	7.834210912754529	0.276452741873396	78.225456998160880	-0.277367390537107	0.4817550730
10.548205592726132	1.990264e+04	4.435112e-02	7.862021870067604	0.271937443734688	78.025947139411002	-0.281347880289843	0.4791014131
10.593770899750904	1.906049e+04	4.556531e-02	7.890623057054856	0.267327044733076	77.823169492393333	-0.285424977195794	0.4763833485
10.640247472824463	1.931805e+04	4.647657e-02	7.919826760356284	0.262653881528860	77.618596748497083	-0.289570588948870	0.4736196074
10.686327987309069	2.019663e+04	4.608051e-02	7.948812415804392	0.258049564752250	77.417990458923612	-0.293667777207613	0.4708881485
10.731312829187294	1.835913e+04	4.498484e-02	7.977138839625791	0.253582293230978	77.224260776381044	-0.297654862801395	0.4682300915
10.778411343353634	1.812319e+04	4.709851e-02	8.006828340647218	0.248933981665912	77.023628927245653	-0.301815752195995	0.4654561652
10.825727470908630	1.796106e+04	4.731613e-02	8.036688513838502	0.244293589676997	76.824306165352297	-0.305981815440633	0.4626787897
10.873168300055481	2.070086e+04	4.744083e-02	8.066661503799748	0.239670214907315	76.626677468839503	-0.310144609597418	0.4599035936
10.917276125258647	2.118063e+04	4.410783e-02	8.094559723370743	0.235397642583060	76.444900410023209	-0.314002049240709	0.4573319672
10.960806337814486	2.130075e+04	4.353021e-02	8.122122234666216	0.231205307070949	76.267338153304934	-0.317796708804335	0.4548021941
11.004139916201892	2.272564e+04	4.333358e-02	8.149589795700079	0.227055624968540	76.092365315253844	-0.321562046609290	0.4522919689
11.046022251830852	2.073693e+04	4.188234e-02	8.176165785110802	0.223067176329826	75.924926301652491	-0.325189662182779	0.4498735585
11.089795591991164	1.821168e+04	4.377334e-02	8.203971749409913	0.218921798544622	75.751664459157794	-0.328968784125964	0.4473541439
11.136426056082579	1.738296e+04	4.663046e-02	8.233626783292056	0.214531610819709	75.569022361592786	-0.332980680985909	0.4446795460
11.184069083177890	1.695991e+04	4.764303e-02	8.263962543774468	0.210073248399867	75.384442518879638	-0.337064804160284	0.4419567972
11.232214046596187	1.645529e+04	4.814496e-02	8.294656080863689	0.205595494558316	75.199972835868877	-0.341176573490898	0.4392156177
11.281001135818078	1.722543e+04	4.878709e-02	8.325798568661996	0.201085988032384	75.015121436542756	-0.345327316576534	0.4364484556
11.328595853789370	1.607470e+04	4.759472e-02	8.356218734775096	0.196713527661043	74.836777065503028	-0.349361135580922	0.4337592429
11.377774946159510	1.724558e+04	4.917909e-02	8.387692252377335	0.192223045279909	74.654531756333498	-0.353513087697903	0.4309912749
11.425166027249535	2.002111e+04	4.739108e-02	8.418061030359334	0.187922012436769	74.480844095350662	-0.357498476028941	0.4283343493
11.469070286400818	1.871134e+04	4.390426e-02	8.446230397035414	0.183960125396289	74.321605558881842	-0.361176897161312	0.4258820686
11.514409385767664	1.683836e+04	4.533910e-02	8.475356030071245	0.179891436361988	74.158827576595897	-0.364961597916113	0.4233589347
11.562121420540530	1.594600e+04	4.771203e-02	8.506045528884229	0.175634431539627	73.989333837268916	-0.368929021029749	0.4207139860
11.611061767025916	1.581856e+04	4.894035e-02	8.537567607706357	0.171293799298713	73.817373408479654	-0.372982144071442	0.4180119040
11.660108072636676	1.557668e+04	4.904631e-02	8.569201544469788	0.166969868558360	73.646942325553880	-0.377027266433206	0.4153151557
11.709442403329255	1.517729e+04	4.933433e-02	8.601065732017103	0.162646619799152	73.477405286804398	-0.381079128154098	0.4126139146
11.759328956229156	1.461432e+04	4.988655e-02	8.633332399542812	0.158301283584258	73.307877176729264	-0.385158918628835	0.4098940542
11.810072205748648	1.504677e+04	5.074325e-02	8.666200901856975	0.153908167286685	73.137378184027810	-0.389290721539268	0.4071395190
11.859986025107691	1.651222e+04	4.991382e-02	8.698579561145252	0.149612983327522	72.971549565204867	-0.393337159263684	0.4044418938
11.907544715434677	1.674653e+04	4.755869e-02	8.729474630253558	0.145544310919149	72.815260205681867	-0.397176160319615	0.4018825598
11.954685884095838	1.684892e+04	4.714117e-02	8.760141386101422	0.141534087094268	72.661973078482177	-0.400965504643499	0.3993563302
12.001601261099038	1.703811e+04	4.691538e-02	8.790704053989218	0.137565312014116	72.511011227919141	-0.404720879165506	0.3968527472
12.048174263945837	1.654746e+04	4.657300e-02	8.821086278580488	0.133647227131444	72.362701447428250	-0.408433191017863	0.3943778727
12.095351240667849	1.634133e+04	4.717698e-02	8.851906147855292	0.129700183550057	72.214023698638115	-0.412177694725268	0.3918815368
12.142742108246818	1.618755e+04	4.739087e-02	8.882910342962829	0.125757168980338	72.066228363226756	-0.415922967736694	0.3893846882
12.190274386560255	1.629241e+04	4.753228e-02	8.914052328656290	0.121824242365358	71.919539501383383	-0.419663056068707	0.3868912960
12.237570623530139	1.628707e+04	4.729624e-02	8.945085050105126	0.117932355476316	71.775098233964428	-0.423368267557316	0.3844211550
12.284792486770336	1.599375e+04	4.722186e-02	8.976114511256418	0.114067783723078	71.632377191322831	-0.427051388821788	0.3819657408
12.332362957738995	1.516018e+04	4.757047e-02	9.007419427908049	0.110195886850411	71.490092396501424	-0.430745231591072	0.3795031789
12.381138768575342	1.505023e+04	4.877581e-02	9.039566284944900	0.106247765078582	71.345735749088178	-0.434515469209857	0.3769896872
12.430005289986671	1.405172e+04	4.886652e-02	9.071822817315994	0.102314297950389	71.202647997657309	-0.438275219148083	0.3744831872
12.480488245599506	1.367909e+04	5.048296e-02	9.105199225418398	0.098273607466341	71.056422500725262	-0.442140905755320	0.3719060628
12.531560325973540	1.403661e+04	5.107208e-02	9.139020264292856	0.094209194290890	70.910119143443779	-0.446032609078789	0.3693115939
12.581884414317216	1.361707e+04	5.032409e-02	9.172400660498800	0.090227124842603	70.767539911057483	-0.449848496506202	0.3667676690
12.632884795548661	1.517666e+04	5.100038e-02	9.206285494186750	0.086214413654067	70.624625304428093	-0.453696575596471	0.3642022829
12.681104711791916	1.566066e+04	4.821992e-02	9.238375096733050	0.082441435348981	70.490947089812593	-0.457317163617862	0.3617885576
12.728491145200413	1.742740e+04	4.738643e-02	9.269959766239293	0.078753333581822	70.360930716338260	-0.460858387494010	0.3594277417
12.773334860129589	1.729133e+04	4.484371e-02	9.299895367995916	0.075280914924417	70.239109824114152	-0.464194253591398	0.3572038309
12.818282154510534	1.800026e+04	4.494729e-02	9.329945066826088	0.071817671848507	70.118183209166503	-0.467522842095404	0.3549847719
12.862264443385094	1.909979e+04	4.398229e-02	9.359393472666568	0.068445303555650	70.000979418745359	-0.470765433181238	0.3528230445
12.904894771101148	1.773534e+04	4.263033e-02	9.387978358544894	0.065192059257151	69.888430079703539	-0.473894620197975	0.3507369199
12.949067175344785	1.666468e+04	4.417240e-02	9.417640829155809	0.061837054673107	69.772889707729220	-0.477122731124654	0.3485848459
12.994564641060711	1.789987e+04	4.549747e-02	9.448239774596196	0.058398203111583	69.655020122720515	-0.480432485339247	0.3463783431
13.038393126146254	1.871144e+04	4.382849e-02	9.477761349066069	0.055101477205415	69.542553032593958	-0.483606241480176	0.3442625057
13.081193767502040	1.866023e+04	4.280064e-02	9.506633578453220	0.051897069291173	69.433733851168427	-0.486691747470843	0.3422055017
13.123987971166557	2.015557e+04	4.279420e-02	9.535544194918918	0.048707844627113	69.325918511582685	-0.489763130564922	0.3401579130
13.165101668555327	2.075842e+04	4.111370e-02	9.563359996942141	0.045657593481525	69.223257286977599	-0.492701034540321	0.3381993103
13.205555011559504	1.808120e+04	4.045334e-02	9.590767991892607	0.042669367922708	69.123116167865817	-0.495579440711800	0.3362803729
13.248837926807003	1.680968e+04	4.328292e-02	9.620136132355224	0.039486329758597	69.016917618152959	-0.498645658119241	0.3342362279
13.293659438485307	1.603215e+04	4.482151e-02	9.650595427652270	0.036205493740476	68.907965025776164	-0.501806136036131	0.3321292426
13.339482479447575	1.533961e+04	4.582304e-02	9.681785282705984	0.032867359479912	68.797640090675387	-0.505021735173893	0.3299855099
13.386252969546693	1.564237e+04	4.677049e-02	9.713672442954406	0.029476756471573	68.686129087074406	-0.508287662565187	0.3278082250
13.432492541538060	1.523423e+04	4.623957e-02	9.745250023206014	0.026140938014659	68.576959096192397	-0.511500472589180	0.3256663516
13.479271444571346	1.387290e+04	4.677890e-02	9.777249265358529	0.022782556585797	68.467591244950796	-0.514734527886173	0.3235103147
13.528211538472789	1.470600e+04	4.894009e-02	9.810784679518855	0.019286461446469	68.354315110927985	-0.518100531839324	0.3212663121
13.575663877130429	1.464752e+04	4.745234e-02	9.843357439717568	0.015913529630691	68.245587132957922	-0.521347164964530	0.3191018900
13.623132121307666	1.684951e+04	4.746824e-02	9.875997437591446	0.012555953278861	68.137898212771773	-0.524578103740497	0.3169479308
13.667316903426677	1.777152e+04	4.418478e-02	9.906430602587111	0.009445319022217	68.038614161266949	-0.527570477588066	0.3149530149
13.710274103072411	1.613039e+04	4.295720e-02	9.936065606718973	0.006434578414800	67.942962513686552	-0.530465788365153	0.3130228078
13.755296343718152	1.472432e+04	4.502224e-02	9.967175632794829	0.003293246594067	67.843627734292880	-0.533485556981095	0.3110096287
13.802345632412404	1.568950e+04	4.704929e-02	9.999741784240078	0.000025822242763	67.740810507309490	-0.536625193465527	0.3089165377
13.847850499364041	1.500540e+04	4.550487e-02	10.031293164610805	-0.003119554388182	67.642320225832705	-0.539646137633207	0.3069025749
